167 84 210 343 0.762207
140 186 195 311 0.722656
350 55 402 180 0.518066
96 179 155 376 0.513184
0 113 55 185 0.498047
0 172 75 268 0.494873
222 221 240 339 0.492920
170 260 222 391 0.489990
210 123 258 240 0.489502
328 208 348 416 0.465820
0 279 44 411 0.459961
265 236 385 355 0.455811
57 34 340 166 0.444824
295 91 416 337 0.436523
273 259 314 396 0.435059
94 0 116 406 0.427734
15 337 67 412 0.426514
327 258 395 395 0.423584
45 233 98 324 0.422119
15 227 70 333 0.417725
247 275 285 381 0.410156
76 108 103 264 0.408936
269 197 328 307 0.408447
93 0 115 280 0.407227
123 80 178 278 0.399902
41 121 189 238 0.398193
281 61 312 280 0.397949
262 58 298 173 0.397217
353 107 367 295 0.392578
257 272 305 387 0.392090
