13;13;36;64

||

[**]
2.202637 0.087646 -0.183594 -0.855469 -0.170166 -0.430420 0.251953 0.629883 -0.344238 1.205078 -0.222412 0.665527 -1.261963 
||
1.837646 -0.296387 0.011230 0.239014 -0.336914 0.437012 -1.016602 1.010498 -1.276367 1.229004 -0.458496 1.086426 -1.524902 
||
0.650391 -0.509766 0.193115 -0.190186 -0.368896 2.370361 -1.194824 0.698486 -0.524658 0.367920 0.052002 1.216309 -1.478516 
||
2.025391 -0.699463 0.292725 -2.002197 -0.156494 0.135254 -0.061523 1.366699 -0.572998 0.911377 -0.848389 1.684814 -2.459473 
||
1.633789 -0.653809 0.319824 -0.059814 0.180908 -0.395508 -0.658936 1.183838 -1.064941 0.788086 -0.948486 1.449219 -1.365234 
||
0.370605 -0.302979 0.160645 0.193359 -0.027588 1.973145 -1.234131 0.872070 -0.431641 0.226562 -0.320557 1.323242 -1.208984 
||
1.767334 -1.484375 0.505371 -2.179932 -0.562988 1.111328 -0.285400 1.094971 -0.136475 1.383057 -0.808350 1.617920 -2.662109 
||
2.280273 -2.720947 0.792969 -1.161865 -0.264893 0.281738 -0.610107 1.195557 -1.230469 1.681885 -1.234619 1.064209 -2.068359 
||
0.732666 -0.331055 0.190918 0.878418 -0.448975 1.403320 -1.557129 1.313232 -1.224854 0.770264 -0.677002 0.759766 -0.473389 
||
1.040527 -0.473145 0.199463 -1.095459 -0.430420 2.440918 -1.365967 0.546631 -0.160156 1.167725 -0.355225 0.579346 -1.369629 
||
1.918945 -1.356445 0.542969 -1.945557 -0.403564 0.210938 -0.288086 0.975830 -0.630127 2.025635 -0.988525 1.344482 -2.337158 
||
1.829346 -1.294678 0.209229 0.795654 -0.497070 0.904785 -1.015625 2.337158 -1.086670 1.633789 -1.340332 1.048828 -1.017334 
||
0.957520 -0.406250 -0.593506 0.371094 -0.080566 2.000000 -1.031250 0.738525 -0.481689 0.911621 -0.174316 0.401855 -0.492920 
||

[**]
0.676514 1.356934 1.454834 1.842041 2.312744 1.089355 1.280518 1.780273 2.092041 1.409180 1.592041 1.479980 1.157959 
||
-0.907715 -2.626953 -1.666992 -0.693359 -0.326416 0.840088 1.259766 -0.094238 -0.770996 -1.333252 -2.559570 -1.481689 -0.790039 
||
1.463379 1.180176 1.434814 0.239502 -1.825684 -0.857666 -1.409180 -0.859131 -0.356689 1.333496 1.206055 1.573242 0.651123 
||
-0.141357 0.246826 0.238770 0.624268 1.634521 0.472412 -0.759277 1.390381 0.836426 0.448486 0.477539 0.198975 0.255615 
||
-0.788330 -1.963623 -1.325928 -0.307617 0.072021 0.762695 1.692383 0.181885 -0.349365 -0.966309 -2.240967 -1.739502 -0.610840 
||
1.432373 0.589600 1.466064 0.104492 -1.441162 -0.184570 -0.544922 -0.768799 -1.008057 1.159180 0.825928 1.133789 0.451904 
||
1.860596 1.270752 1.251953 1.263428 0.935791 -0.000244 -0.565918 1.696533 0.892822 1.427734 1.490723 1.241211 1.062500 
||
-1.809570 -1.342041 -1.936768 -0.134033 1.520752 1.074951 0.527588 0.413818 0.692871 -0.974609 -1.545654 -2.032227 -1.115723 
||
-0.087646 0.125732 -0.033203 -0.765625 -2.082764 -0.214844 0.660645 -0.824219 -1.294189 -0.552490 -0.896484 -0.004883 0.198975 
||
1.868164 1.040283 1.958252 1.496826 -0.324219 -0.094727 -1.351807 -0.156250 -0.413086 1.303711 1.877441 1.870605 1.443604 
||
-0.037842 -0.055664 -0.316406 0.394531 1.841797 0.396729 -0.237305 1.679443 1.461426 0.385498 0.054443 -0.524170 -0.224121 
||
-1.616943 -1.051514 -1.817383 -0.982422 -0.214844 0.870850 1.054199 0.035156 0.319336 -0.609619 -1.729492 -0.947754 -0.643066 
||
0.440430 -0.791016 -0.950195 -0.661133 -2.653076 -1.877197 -2.170410 -1.222412 -2.777344 0.141357 -0.796875 -0.366455 -0.700684 
||

[**]
0.085449 0.390137 0.343018 0.351562 0.269287 0.292725 0.353516 0.231934 0.364746 0.401855 0.366943 0.268799 0.048828 
||
-0.103760 0.251221 0.292969 0.092773 0.135498 0.116455 0.183350 0.069824 0.241211 0.215820 0.293213 0.261719 -0.059326 
||
-0.306641 0.148926 0.137451 -0.060059 0.072998 0.012207 0.144287 0.021729 0.081543 -0.070068 0.173828 0.100586 -0.140869 
||
-0.268066 0.181396 0.132324 0.023682 0.060791 0.114014 0.156494 0.061035 0.159180 -0.093506 0.171631 0.084961 -0.018555 
||
-0.234131 0.139648 0.161133 0.036133 0.103516 0.166992 0.190430 -0.033203 0.121582 0.025879 0.122559 0.177246 -0.131836 
||
-0.242920 0.144531 0.167725 -0.033203 0.181152 0.127441 0.219238 0.033447 0.066406 -0.058105 0.220215 0.155273 -0.217285 
||
-0.136719 0.141113 0.204590 0.086182 0.132812 0.046387 0.260254 0.113281 0.241943 -0.011475 0.290527 0.224609 0.076904 
||
-0.082031 0.082031 0.171631 0.010742 0.071533 0.040771 0.277100 0.048828 0.195557 0.009277 0.181641 0.246338 -0.025391 
||
-0.136963 0.011230 0.217773 0.062988 0.213623 0.134766 0.209473 0.060303 0.119873 -0.024414 0.083740 0.155029 -0.313477 
||
-0.079834 0.158203 0.196289 0.096436 0.124512 0.007568 0.171631 0.025146 0.148926 0.002197 0.264893 0.125000 -0.127686 
||
-0.125732 0.208984 0.141113 0.065186 0.122559 0.048584 0.176514 0.090332 0.172852 -0.010498 0.274414 0.126953 0.011719 
||
-0.130859 0.217041 0.155029 -0.016602 0.040771 0.006104 0.138428 0.045166 0.158203 -0.042969 0.173340 0.211670 -0.147705 
||
-0.072266 0.326904 0.320557 0.188477 0.186523 0.144043 0.243408 0.328613 0.283447 0.119385 0.323975 0.326172 -0.200439 
||

[**]
-0.613770 -0.860596 -0.779297 -0.810547 -0.747559 -0.653320 -0.670898 -0.611572 -0.736816 -0.801270 -0.770508 -0.725098 -0.557861 
||
-0.359375 -0.650879 -0.666992 -0.504395 -0.624023 -0.500488 -0.427002 -0.464111 -0.674805 -0.596680 -0.670166 -0.703613 -0.411133 
||
-0.348877 -0.542969 -0.513916 -0.275635 -0.343018 -0.405029 -0.482910 -0.294434 -0.313477 -0.414551 -0.511475 -0.557129 -0.146240 
||
-0.414062 -0.581543 -0.525879 -0.481201 -0.403809 -0.433838 -0.401611 -0.429688 -0.306152 -0.408447 -0.491943 -0.478271 -0.303223 
||
-0.224121 -0.525146 -0.457764 -0.400635 -0.522949 -0.407715 -0.337158 -0.190430 -0.345459 -0.327148 -0.420410 -0.374756 -0.140137 
||
-0.255127 -0.604736 -0.540283 -0.231201 -0.425049 -0.443359 -0.421387 -0.157959 -0.237549 -0.292480 -0.437256 -0.406738 0.035156 
||
-0.424316 -0.541260 -0.543457 -0.488770 -0.329346 -0.362061 -0.460205 -0.487061 -0.328613 -0.451416 -0.534912 -0.520020 -0.355225 
||
-0.441650 -0.461426 -0.423340 -0.330078 -0.482910 -0.253662 -0.329590 -0.378906 -0.362549 -0.322998 -0.454590 -0.395996 -0.223633 
||
-0.155518 -0.407715 -0.541504 -0.373779 -0.620361 -0.424316 -0.371338 -0.260498 -0.354736 -0.184082 -0.247314 -0.300049 0.114746 
||
-0.406494 -0.533936 -0.566895 -0.539307 -0.373535 -0.284912 -0.328613 -0.212158 -0.232422 -0.317139 -0.456787 -0.522949 -0.157471 
||
-0.401367 -0.559326 -0.420654 -0.429443 -0.427002 -0.273438 -0.323242 -0.323975 -0.292236 -0.372070 -0.468262 -0.470215 -0.385254 
||
-0.424316 -0.614258 -0.557861 -0.434082 -0.543945 -0.444580 -0.442871 -0.448242 -0.532227 -0.302979 -0.399414 -0.480957 -0.219727 
||
-0.413330 -0.775879 -0.683105 -0.573486 -0.625977 -0.660645 -0.685547 -0.614014 -0.651611 -0.625977 -0.704834 -0.711670 -0.214355 
||

[**]
-10.393799 -3.432617 -6.447510 -10.955566 -11.174316 -11.812500 -11.414307 -10.981689 -10.893066 -11.154053 -5.751709 -7.741943 -10.230713 
||
-12.329590 -7.489258 -9.744873 -10.782227 -4.822266 -9.209717 -5.679199 -9.454834 -6.839355 -12.815186 -6.384766 -9.875000 -9.489258 
||
-14.077393 -14.348145 -11.143799 -13.688477 -11.353516 -7.702148 -1.361328 -10.472656 -8.830811 -14.495117 -14.490479 -8.944824 -10.698730 
||
-9.083252 -6.064209 -5.154053 -10.244141 -11.170410 -11.499756 -10.802002 -9.053467 -7.526367 -10.049072 -5.004639 -3.673340 -6.530518 
||
-13.783936 -9.489746 -11.272217 -11.797852 -4.832764 -9.730469 -6.637939 -8.387939 -4.237549 -11.339844 -7.271729 -8.642334 -7.209717 
||
-12.770752 -13.570312 -12.594482 -13.841064 -9.582520 -7.752686 -1.404053 -10.062012 -6.830566 -13.887695 -15.254639 -9.163574 -9.380615 
||
-4.459717 -7.677002 -0.971436 -9.052246 -11.292969 -9.928223 -8.818848 -10.509033 -9.152588 -7.033447 -4.173828 -1.106934 -3.731445 
||
-2.162598 -5.225830 -4.308350 -9.191162 -5.107910 -8.899658 -8.548584 -6.785645 -4.462646 -8.017578 -2.165283 -3.975098 -5.683838 
||
-13.691406 -11.943115 -10.644531 -12.154541 -4.244873 -7.141846 -2.768311 -8.101807 -4.056152 -11.178955 -11.729004 -9.042236 -11.106689 
||
-10.241943 -11.478516 -7.875732 -10.427246 -12.610352 -7.117188 -3.672607 -10.660645 -11.568115 -11.489990 -9.292725 -5.312256 -7.971924 
||
-3.194336 -7.017822 -0.868652 -8.498291 -11.091553 -10.540039 -10.323975 -9.423828 -8.998535 -7.694580 -1.207275 -1.298096 -5.135498 
||
-12.293945 -11.435547 -10.378662 -10.326904 -5.261963 -8.952637 -5.769775 -6.607178 -0.904053 -9.617188 -6.505127 -7.962891 -9.714600 
||
-15.757568 -14.866211 -16.599121 -17.637695 -14.990234 -10.627441 -6.389893 -13.488037 -12.283691 -13.262207 -14.326416 -11.577393 -14.089844 
||

[**]
-4.542969 -6.771729 -5.423828 -3.081299 -3.817383 -4.189209 -5.680908 -5.509766 -5.530029 -5.056152 -6.732910 -7.198730 -5.388672 
||
-4.305664 -6.157471 -4.186523 -4.330566 -5.591064 -4.985107 -6.991699 -6.924561 -7.233643 -5.854248 -7.279785 -7.041016 -5.477539 
||
-3.549805 -5.105225 -4.659668 -3.985352 -4.627441 -5.821533 -8.525635 -6.287354 -7.425293 -4.888672 -5.631836 -6.165039 -4.603516 
||
-5.189697 -6.299316 -4.994629 -4.082520 -3.972900 -5.109863 -6.111328 -6.637695 -7.419434 -5.898193 -6.637207 -6.345459 -5.177490 
||
-4.484863 -6.701904 -5.246094 -4.910400 -5.704834 -3.998779 -6.057617 -5.838379 -7.399658 -5.854492 -6.727783 -6.001221 -4.725098 
||
-3.377930 -4.603027 -5.264404 -4.767578 -4.699463 -5.928223 -8.528809 -6.903076 -7.906494 -5.704590 -5.723145 -6.395996 -4.558838 
||
-5.439697 -5.645264 -5.647461 -3.749756 -2.693115 -4.016602 -5.222656 -5.386719 -5.872803 -5.164062 -5.194336 -5.905273 -4.575439 
||
-5.900391 -6.268799 -4.672363 -3.681641 -4.607422 -3.813965 -5.040039 -5.346924 -5.764893 -5.365723 -6.103271 -5.549316 -4.275146 
||
-4.010010 -4.514893 -4.337891 -4.004639 -5.791260 -5.657959 -6.890625 -5.743652 -6.794189 -5.578369 -6.242432 -5.426270 -3.910400 
||
-4.071777 -4.130615 -4.611572 -3.492188 -3.993896 -5.312500 -7.003906 -5.284668 -5.410645 -4.249756 -4.966797 -5.701660 -4.322510 
||
-5.510986 -5.543701 -5.035645 -3.164795 -3.521729 -4.291992 -5.291016 -5.578125 -5.916504 -4.692871 -5.589111 -6.008789 -4.486572 
||
-4.139648 -5.370117 -5.458496 -4.663574 -5.170410 -3.685791 -6.036133 -4.931396 -6.318359 -4.607422 -6.174072 -4.984863 -4.292725 
||
-3.679932 -3.446777 -3.261475 -2.510254 -3.800537 -4.383057 -5.489746 -3.609131 -5.659180 -4.800781 -4.212158 -4.005371 -4.566650 
||

[**]
1.444092 3.865234 1.774658 -0.207275 0.551514 -0.629150 -1.739502 -1.031982 0.189209 -0.186279 0.457275 1.148926 3.247803 
||
2.198730 3.908203 1.887939 1.668213 2.514648 0.454590 0.511230 -0.538818 1.403076 1.162842 2.645752 2.658691 4.793213 
||
1.113525 0.914551 -0.835938 -0.125244 0.718994 0.335449 0.722412 -1.485107 -0.663086 -1.076172 -0.307861 1.587891 2.991211 
||
3.251953 3.068848 0.407959 0.033691 0.072998 -1.211182 -1.529053 -3.602295 -3.151611 -3.294922 -1.562988 0.816162 2.630127 
||
2.764404 3.515869 -0.311768 0.068848 1.337158 -0.577637 -1.004883 -3.112793 -1.997314 -1.946289 0.573975 2.354004 2.997070 
||
0.589355 0.677002 -1.070068 -1.195557 0.718506 -0.205566 -0.023682 -1.479492 -0.603271 -0.289551 0.293701 1.892334 2.052490 
||
3.689209 1.913574 0.331787 -0.238770 -0.878418 -1.248047 -1.237793 -2.757080 -2.073730 -1.634033 0.420166 2.083252 2.299072 
||
3.937744 2.910156 0.450928 -0.825928 0.306152 -1.797119 -0.886963 -2.475342 -1.248291 -2.392334 1.080078 2.058838 2.646729 
||
1.372070 0.865234 -0.284668 -0.797607 1.462158 0.027588 1.444824 -0.819336 1.223877 -1.126465 -0.563721 -0.303711 0.972900 
||
1.610352 0.264160 0.641602 0.656250 0.109375 -0.587402 1.347900 -1.220947 0.549072 0.079102 0.820801 2.284180 1.751709 
||
3.023193 1.579346 0.174561 -0.534424 0.533447 -2.094727 -0.873047 -2.550293 -0.634521 -0.722412 1.935791 3.089355 2.729736 
||
1.878418 2.549316 -0.838867 -1.362305 -0.024658 -1.399414 0.132812 -1.718018 0.340820 -1.169189 1.696533 1.285645 0.877197 
||
1.802002 1.457764 -0.592529 -1.555176 0.241699 1.447021 2.723877 0.121826 1.250977 0.594482 0.598145 -0.031006 -0.878906 
||

[**]
-4.230469 -6.067383 -4.468262 -2.865479 -3.733887 -4.211426 -5.129883 -4.813721 -5.335693 -5.012939 -6.804688 -6.895508 -6.291992 
||
-4.662354 -5.617920 -3.898193 -3.361084 -4.598633 -4.141602 -5.903320 -5.535645 -6.552002 -4.286377 -5.735840 -6.030762 -5.750000 
||
-4.182373 -4.434082 -4.170898 -3.244873 -4.211670 -5.329834 -6.768555 -5.523193 -7.258301 -4.979248 -5.818115 -6.317139 -5.347656 
||
-4.267090 -5.224121 -3.997070 -2.988281 -3.137695 -4.311523 -5.087158 -5.576904 -7.223877 -5.761230 -6.302246 -5.336670 -5.188477 
||
-3.450928 -4.579102 -3.734619 -3.390625 -4.022461 -3.199707 -4.348389 -5.310547 -6.805420 -4.856689 -5.138428 -4.581787 -4.385010 
||
-2.956543 -2.824951 -3.896484 -2.949951 -2.500488 -4.146484 -5.964355 -4.543701 -6.456299 -4.196777 -4.411621 -4.776123 -4.364502 
||
-3.769531 -4.724609 -4.582275 -2.927246 -2.479736 -3.505615 -4.795410 -4.617920 -5.045654 -4.410889 -4.518066 -4.605469 -4.775635 
||
-4.472656 -5.695557 -3.385742 -2.821045 -3.000488 -3.541260 -4.293457 -4.889404 -5.254639 -4.992432 -4.713623 -4.071777 -3.323486 
||
-3.590576 -4.385498 -3.495117 -2.072266 -3.064209 -4.094238 -5.251221 -4.252441 -4.613525 -3.886719 -4.560547 -3.629639 -3.580566 
||
-2.711914 -2.766846 -3.324219 -3.167480 -2.895752 -4.793457 -4.868652 -4.125244 -3.855957 -3.501221 -3.562012 -4.420166 -4.558838 
||
-3.505859 -4.145020 -3.533936 -2.424072 -2.528320 -3.894775 -3.854492 -4.406982 -4.839111 -4.614258 -5.999756 -6.074707 -4.954346 
||
-3.345459 -5.154541 -3.854980 -3.290527 -3.779541 -3.593506 -5.333984 -4.772949 -6.131592 -4.559326 -5.444336 -4.740479 -4.046875 
||
-4.151611 -5.226562 -4.041260 -3.990967 -3.291016 -5.574219 -5.541016 -4.728027 -5.472656 -5.343750 -4.370850 -4.112793 -5.330078 
||

[**]
-4.136230 -4.016357 -3.920898 -2.826904 -2.018799 -3.799316 -3.738525 -4.450928 -4.186523 -4.123047 -3.822998 -5.124023 -5.050049 
||
-4.053223 -4.699463 -4.446777 -4.615723 -4.265137 -3.562744 -2.723389 -4.359863 -5.999512 -5.130127 -5.479736 -5.488281 -6.510010 
||
-3.207764 -1.516602 -3.506592 -3.193115 -3.209229 -4.802002 -4.179199 -4.204590 -5.535645 -4.057617 -3.721680 -5.179688 -6.474365 
||
-5.450439 -4.222168 -3.107178 -2.872803 -2.312988 -2.490723 -2.478027 -5.661133 -6.215576 -6.426758 -5.169189 -4.611572 -4.912109 
||
-3.405762 -3.157471 -2.902100 -2.714844 -2.785400 -2.580566 -1.239258 -3.971680 -5.467529 -4.046875 -4.156738 -3.481445 -4.482178 
||
-3.250244 -1.904785 -3.085205 -2.894775 -2.359619 -3.753418 -3.741699 -3.922607 -4.870361 -3.216309 -2.633301 -3.966309 -5.099365 
||
-6.041016 -4.651367 -3.291992 -2.153076 -1.999756 -2.585938 -2.424561 -3.523926 -4.717285 -5.499756 -3.567383 -4.279541 -3.934326 
||
-5.711182 -4.430420 -2.222412 -2.242920 -0.995605 -2.549561 -1.971924 -3.207520 -3.525879 -4.467529 -3.393555 -4.155518 -4.300781 
||
-2.505615 -2.356445 -1.653076 -2.572510 -2.078369 -1.570801 -1.412109 -2.665039 -3.136230 -2.734131 -2.191406 -2.538574 -3.831299 
||
-4.097412 -2.995117 -3.691406 -3.072754 -1.842041 -2.021240 -2.401123 -2.877197 -2.114746 -2.833496 -2.391846 -2.850098 -2.825439 
||
-6.380127 -4.899414 -4.299316 -3.210449 -2.118896 -3.620605 -1.904785 -3.642578 -3.368652 -4.711426 -3.837891 -4.765625 -4.944580 
||
-4.630127 -4.824463 -3.805420 -4.520996 -3.527588 -3.454102 -1.878418 -3.795898 -3.606934 -4.652100 -3.770264 -4.902100 -5.563965 
||
-4.910889 -6.324951 -5.336670 -5.649658 -5.075439 -4.399414 -3.281982 -2.518555 -3.137695 -4.485107 -4.234131 -4.845947 -5.596191 
||

[**]
-3.255127 -4.899170 -3.336670 -2.531006 -3.500488 -4.415283 -4.062500 -4.244629 -4.119629 -1.569092 -3.900146 -2.923340 -4.745361 
||
-3.961670 -4.929199 -4.233398 -4.331543 -4.543701 -2.104248 -3.783936 -3.527588 -5.208008 -2.981445 -5.205566 -4.754639 -6.093994 
||
-3.950684 -3.991943 -5.620361 -3.917725 -3.924561 -4.864746 -6.572998 -4.718018 -6.714844 -5.081055 -5.692871 -5.843994 -6.251465 
||
-4.255859 -4.655762 -3.977051 -2.798340 -3.273438 -3.056152 -3.176025 -5.132324 -7.058594 -5.112793 -5.727295 -4.624023 -4.937012 
||
-3.473145 -4.074951 -3.079346 -2.642822 -3.816162 -1.932617 -2.802490 -3.448975 -5.409180 -2.699951 -4.629883 -3.839600 -5.156006 
||
-3.389404 -3.435303 -4.864502 -3.724365 -2.945801 -3.532715 -4.888916 -3.961426 -5.075684 -2.656738 -3.097168 -4.852051 -5.997070 
||
-4.551270 -3.530518 -4.294922 -2.720459 -3.541260 -3.083984 -3.185791 -3.419434 -4.596436 -4.466309 -4.654297 -3.983398 -4.168457 
||
-6.057861 -4.392822 -2.609131 -2.144287 -3.114014 -3.891113 -3.313965 -3.240723 -3.904053 -3.425293 -4.173096 -3.833252 -4.359131 
||
-3.225586 -3.779297 -3.239746 -2.822266 -3.302246 -2.817871 -3.832520 -2.890869 -3.826904 -2.479492 -2.707275 -3.459473 -4.803711 
||
-3.875000 -3.529297 -5.344482 -3.203613 -2.997314 -3.614258 -4.265869 -2.922607 -2.685303 -3.531006 -3.767334 -3.832764 -4.348877 
||
-5.231445 -3.765869 -4.435303 -2.967285 -2.767822 -3.403320 -2.580322 -3.698730 -3.975098 -3.155762 -3.520264 -3.832520 -4.199951 
||
-4.304688 -3.759033 -2.086670 -1.951660 -2.919922 -0.631836 -2.658203 -3.032227 -4.421387 -2.819336 -3.802734 -2.919922 -4.954590 
||
-3.333252 -4.529785 -3.718994 -2.357178 -2.299805 -2.776367 -4.281494 -1.929688 -3.112305 -2.656006 -3.142578 -4.398926 -5.346924 
||

[**]
-2.454834 -5.164062 -3.649414 -2.733398 -1.962402 0.217041 1.174072 1.120117 0.024170 -2.333252 -1.963867 -2.486572 -3.696777 
||
-3.110352 -3.849365 -2.822998 -2.936035 -3.585449 -1.866211 -1.148438 -0.433105 -0.054932 -1.917725 -1.285889 -3.304443 -3.668213 
||
-3.443115 -3.540527 -0.394287 -1.001221 -2.171875 -0.902588 -0.547852 0.634277 1.633057 0.325928 -1.107910 -1.261230 -2.953613 
||
-4.564453 -5.248779 -1.998047 -1.244873 -1.613037 0.147705 0.371338 3.445312 3.965088 3.641602 1.624756 -1.166260 -2.350586 
||
-4.176025 -4.986816 -1.725098 -1.891846 -2.800293 -0.542969 -0.891113 2.194336 2.856201 0.900635 0.168701 -2.960205 -2.637939 
||
-3.906250 -3.520264 -0.308105 -0.839111 -2.501221 -1.436768 -0.553955 1.079590 1.611084 -0.756592 -1.631104 -1.921875 -2.007568 
||
-5.432617 -3.910889 -1.888184 -1.041504 -1.260498 0.625732 -0.182129 1.176514 2.442871 1.726074 -1.515137 -2.908936 -2.605957 
||
-4.163330 -4.361572 -2.602295 -1.238525 -2.664307 1.078369 -0.206055 1.412109 1.010986 1.732422 -0.937500 -3.036133 -2.552490 
||
-2.496826 -2.410156 -2.167480 -2.461670 -4.315674 -1.897705 -3.397949 -0.578125 -1.154541 0.100586 -0.621338 -0.660889 -1.594971 
||
-4.135498 -2.884277 -1.974609 -2.034912 -2.721680 -0.665527 -1.872559 0.619873 -1.078125 -0.315674 -2.783691 -3.940430 -3.041504 
||
-4.885986 -4.580078 -1.351074 -0.576660 -1.698975 1.270996 -0.727295 1.445557 -0.096436 -0.404053 -3.302246 -3.913086 -3.520264 
||
-3.472656 -3.667969 -1.022461 -0.898193 -2.106201 -1.249268 -2.266846 -0.086182 -1.694092 0.482910 -1.995850 -1.964844 -1.178711 
||
-3.968018 -4.147949 -1.397217 -2.079834 -3.157471 -3.685059 -4.078857 -2.225830 -2.193359 -1.748291 -2.297363 -0.958496 -0.376465 
||

[**]
-8.095703 -8.017334 -7.384521 -6.765381 -6.897705 -6.784180 -7.268799 -7.603271 -8.053711 -7.434814 -8.472412 -8.554199 -7.840088 
||
-8.275391 -8.033447 -7.154297 -7.472900 -7.815430 -7.930664 -8.313965 -7.845703 -9.295654 -8.106201 -9.063477 -8.866943 -8.745850 
||
-8.533203 -8.263184 -8.815186 -7.650635 -7.570801 -8.054199 -9.182129 -7.852051 -9.334961 -8.018066 -9.361816 -9.325195 -9.045654 
||
-8.889893 -7.602295 -7.577148 -7.044189 -7.626465 -7.000244 -7.586670 -7.868164 -9.339111 -7.711914 -8.221191 -7.668701 -8.220703 
||
-7.767090 -7.169434 -7.196533 -6.894043 -7.469971 -6.604736 -7.590820 -7.026611 -9.357910 -7.386719 -7.821289 -7.582764 -8.241943 
||
-7.934814 -7.086182 -8.688721 -8.102051 -6.512451 -7.590088 -8.170410 -7.229004 -8.647217 -7.609375 -7.986816 -8.152344 -8.113037 
||
-8.961182 -6.817871 -8.193115 -6.532471 -7.009521 -6.423828 -7.010986 -6.907959 -8.214844 -7.488281 -7.366455 -7.468262 -7.731934 
||
-9.104736 -7.053711 -6.451660 -6.423828 -7.454102 -7.025146 -7.241699 -7.062012 -8.432617 -7.357666 -6.976318 -6.885742 -7.345947 
||
-7.684082 -6.175049 -7.608398 -7.263916 -7.217285 -7.227783 -8.083984 -6.806885 -7.960938 -6.538330 -6.228271 -6.705322 -7.459473 
||
-8.542725 -6.537598 -7.905029 -6.659180 -6.604492 -6.997559 -7.404785 -5.803711 -6.476807 -6.406250 -7.003662 -7.268311 -7.895752 
||
-9.052734 -6.537842 -6.547119 -6.398438 -6.522705 -6.439453 -6.517334 -6.616211 -8.064209 -6.968506 -7.313965 -7.567383 -8.111084 
||
-8.382080 -7.055664 -6.806152 -6.429688 -7.328125 -6.968994 -7.440430 -6.850586 -8.587891 -6.968994 -7.430908 -7.141113 -7.435303 
||
-8.310791 -7.034180 -6.726074 -6.892822 -6.626221 -7.683105 -7.558350 -6.750977 -7.159912 -7.133545 -7.184326 -7.034912 -7.069336 
||

[**]
0.884521 0.672607 -0.297363 0.327637 0.714600 0.405029 0.430664 0.637939 -0.018311 0.794434 0.410645 -0.032959 -0.668213 
||
1.395508 0.438721 0.061035 0.098145 0.197754 0.379639 -0.249756 0.394287 -0.568359 1.022217 0.302002 0.557617 -1.133789 
||
1.735596 0.978760 0.252930 0.111572 0.319092 1.019287 -0.530762 1.169189 -0.357422 1.138184 0.293945 1.112061 -1.497070 
||
1.295898 0.926025 -0.750000 -0.511230 0.376465 1.089844 -0.250000 1.117432 -0.327393 0.836914 0.152100 0.593262 -1.926758 
||
1.447998 0.829590 0.167969 -0.270996 0.222900 0.190186 -0.287354 0.722900 -0.646240 0.861328 -0.056396 1.035400 -1.320068 
||
1.765869 0.854980 0.511475 -0.159180 0.306396 0.748047 -0.475586 1.320068 -0.453369 1.062988 0.322021 1.396484 -1.623291 
||
1.233643 -0.172852 0.180908 -0.627441 0.250000 1.203857 -0.409912 1.224609 -0.102051 0.889893 0.156738 0.342529 -2.093994 
||
1.266846 -0.123047 0.446289 -0.369385 0.242432 0.714844 -0.472900 0.982178 -0.587646 0.891357 -0.263184 0.314697 -1.592285 
||
1.437500 0.630127 0.947754 0.183838 0.094727 1.079346 -0.829590 0.880859 -0.564209 1.292969 0.052246 1.106201 -1.191895 
||
1.312988 0.697266 0.239502 -0.357666 0.386719 1.172363 -0.692871 1.365723 -0.107178 1.350830 0.451660 0.412354 -1.581299 
||
1.304443 0.549072 -0.172607 -0.742432 0.156494 1.288330 -0.342285 1.210938 -0.122314 1.322998 0.048828 0.156494 -1.566895 
||
1.634521 0.242676 0.103760 -0.100098 0.118164 0.549561 -0.391113 0.836914 -0.530762 0.951416 -0.624023 0.321777 -1.022949 
||
0.968018 0.706055 -0.048096 0.419189 -0.017578 0.794922 -0.223877 1.032959 -0.141846 0.971680 0.446289 0.707764 -0.556885 
||

[**]
-0.341553 0.344971 0.504883 0.267822 -0.050049 0.095947 0.144287 0.395020 0.411133 0.429443 0.272949 0.410400 0.457764 
||
-0.246094 0.191895 0.316650 0.115479 0.461914 0.208008 0.460938 0.578369 0.785156 0.318359 0.046143 0.262207 0.537354 
||
-0.086914 0.135010 0.153809 -0.009277 -0.116943 -0.108398 -0.453369 -0.171387 0.487061 0.044922 -0.086670 0.518799 0.692383 
||
-0.483398 0.283203 0.050049 0.166260 -0.497314 0.280273 0.270996 0.734375 0.375732 0.210693 0.037598 0.182129 0.315186 
||
-0.380127 -0.536377 -0.446777 -0.106201 -0.094238 0.189453 0.084473 0.237305 0.440430 0.081543 -0.301758 -0.495605 0.203125 
||
0.035645 0.183594 0.002686 0.260498 0.302734 0.064453 0.020996 -0.186768 0.353760 -0.097412 -0.066162 -0.180664 0.259033 
||
0.033203 0.282715 0.201416 0.303711 -0.289551 0.400146 0.247070 0.321289 0.100342 0.247559 0.232422 0.297119 0.164062 
||
-0.717041 -0.562012 -0.622803 -0.121338 -0.458008 0.144043 -0.037354 0.205078 0.260254 -0.221924 -0.220703 -0.701172 -0.022705 
||
-0.175537 0.187500 -0.217529 -0.205322 -0.200684 -0.421143 0.030518 -0.038086 0.019287 0.001221 -0.121094 -0.415527 -0.116943 
||
-0.023193 0.243652 0.098877 0.190430 0.051514 0.139648 -0.153564 -0.096924 -0.201416 -0.347656 -0.001221 -0.183105 0.088379 
||
-0.152100 -0.120850 -0.196533 0.169189 -0.331787 -0.207764 -0.422607 -0.101318 -0.348633 -0.068848 -0.045166 -0.465088 -0.147705 
||
-1.120361 -0.780518 -1.718262 -0.912842 -0.557617 -0.738525 -0.772217 -0.661133 -0.240479 -0.756592 -1.056641 -1.217041 -0.544678 
||
0.373779 0.692871 -0.011475 0.054199 -0.270508 -0.191650 -0.347900 -0.463867 -0.098145 0.381592 0.349121 0.104248 0.517822 
||

[**]
-0.032227 0.136963 0.020508 0.133545 0.042236 0.050537 0.006104 -0.015869 -0.008545 -0.001221 0.002930 0.028076 -0.179443 
||
-0.032715 0.050781 0.066650 0.149414 0.015869 0.145752 0.014160 0.079102 -0.068115 0.096680 0.022705 0.090332 -0.206543 
||
-0.116943 0.142090 0.122070 0.029053 0.056885 0.131104 0.002441 -0.051270 -0.082275 0.090088 0.049316 0.135010 -0.278076 
||
-0.121582 0.107666 0.006836 0.097656 0.048584 0.126709 0.051758 0.099609 -0.040771 0.053711 0.003174 -0.015137 -0.226318 
||
-0.148682 0.062012 0.045654 0.136475 0.035156 0.198486 0.072510 0.052490 -0.131104 -0.001465 -0.065674 -0.034180 -0.225098 
||
-0.219727 0.075439 0.086182 0.053467 0.115234 0.187256 0.062012 0.020508 -0.098633 -0.009033 -0.008789 0.009033 -0.302002 
||
-0.230469 0.102051 0.056885 0.094482 0.013184 0.061279 0.056396 0.188477 -0.041992 0.106201 0.069336 0.030762 -0.229736 
||
-0.138428 0.028320 -0.000732 0.128174 0.062500 0.117676 0.079834 0.171875 -0.009277 0.035889 -0.020508 -0.010742 -0.156982 
||
-0.278564 -0.000732 0.010498 0.122559 0.110107 0.060303 0.015381 0.032959 -0.085693 -0.053955 -0.049805 -0.011963 -0.327393 
||
-0.136719 0.114990 0.088379 0.131104 0.140625 0.032471 -0.000488 0.052002 -0.019531 0.083496 0.062988 0.099609 -0.227295 
||
-0.117920 0.152100 0.027588 0.145508 0.094482 0.083252 0.019775 0.152344 -0.018066 0.044922 0.049561 -0.014404 -0.145264 
||
-0.185791 0.130371 0.098389 0.185791 0.160889 0.181641 0.053467 0.172852 -0.006836 0.030273 -0.031494 0.023193 -0.086426 
||
-0.366455 -0.043457 -0.031006 -0.037354 0.097168 0.095703 0.029297 0.015381 0.083740 -0.011963 -0.071289 0.085205 -0.366455 
||

[**]
0.053467 -0.486084 -0.427490 -0.216553 -0.341553 -0.182373 -0.175049 -0.167236 -0.302246 -0.245605 -0.394531 -0.402832 -0.158447 
||
-0.084961 -0.444336 -0.370850 -0.213623 -0.288086 -0.311768 -0.358398 -0.364014 -0.339111 -0.287354 -0.353027 -0.261963 -0.133545 
||
0.112793 -0.294678 -0.187744 -0.190186 -0.201416 -0.189453 -0.217285 -0.096680 -0.180420 -0.129883 -0.207520 -0.226318 0.012207 
||
0.117676 -0.308594 -0.146729 -0.016113 -0.004639 0.031250 0.018066 0.020020 -0.115234 -0.029053 -0.236816 -0.253906 -0.008301 
||
0.063965 -0.225342 -0.120361 0.112305 -0.123779 -0.131348 -0.140137 -0.000977 -0.029297 -0.041992 -0.043701 -0.111328 0.118164 
||
0.090576 -0.077637 0.021729 0.044434 -0.069824 -0.054443 -0.191650 0.004639 0.035645 0.033447 -0.013672 -0.016113 0.188965 
||
-0.142090 -0.343262 -0.274658 -0.149170 0.044189 0.068848 -0.030273 0.016113 -0.038574 -0.112305 -0.327637 -0.301025 -0.110840 
||
-0.106445 -0.425049 -0.337891 -0.110107 -0.199707 -0.108398 -0.052979 -0.056885 -0.162842 -0.129639 -0.192139 -0.251709 -0.034668 
||
0.116699 0.060059 -0.043945 0.009033 -0.271973 -0.087646 -0.107178 0.049561 -0.007568 0.052002 0.117188 0.114990 0.400879 
||
-0.075684 -0.330322 -0.175537 -0.171875 -0.040527 -0.058350 -0.149170 0.092773 0.065186 -0.050781 -0.197266 -0.155273 -0.030762 
||
-0.200928 -0.441895 -0.325684 -0.278809 -0.212646 -0.164307 0.003662 -0.101318 -0.195068 -0.106445 -0.369385 -0.361328 -0.145752 
||
-0.023682 -0.313721 -0.272217 -0.159180 -0.348389 -0.380615 -0.368164 -0.274902 -0.326660 -0.250000 -0.240479 -0.316162 0.023682 
||
0.095947 -0.279785 -0.086426 -0.135254 -0.192139 -0.317383 -0.369141 -0.261719 -0.304688 -0.092285 -0.203369 0.077637 0.198486 
||

[**]
-16.272461 -13.935059 -12.742188 -15.145020 -15.573975 -13.947998 -13.597900 -13.403320 -15.859619 -15.333496 -14.333252 -13.507080 -16.328369 
||
-16.583984 -14.418945 -14.534668 -16.047119 -14.100342 -13.469971 -11.168701 -13.899170 -15.256836 -16.631348 -14.770996 -14.019043 -14.314453 
||
-18.770508 -16.077881 -14.936768 -14.183594 -12.799805 -13.614746 -10.097168 -12.305420 -12.184570 -16.677246 -15.776367 -13.493896 -13.121582 
||
-17.231201 -12.643555 -10.691162 -14.046875 -13.484375 -11.844238 -11.048096 -11.846924 -11.105225 -15.367920 -12.507080 -9.378662 -11.295166 
||
-16.641602 -13.599609 -13.062500 -12.754639 -11.201172 -10.746582 -9.121826 -10.366455 -9.332764 -14.417480 -12.689209 -11.021729 -9.659424 
||
-15.901611 -15.677246 -14.777588 -13.567871 -11.167236 -11.568359 -7.971680 -10.258301 -9.194092 -14.716797 -14.201660 -10.546631 -9.940430 
||
-14.207031 -12.475342 -10.815430 -12.907715 -11.827393 -9.995605 -8.811035 -12.026123 -10.014160 -14.086182 -11.191162 -8.081787 -8.840332 
||
-14.434814 -12.335449 -10.420410 -11.377686 -11.367188 -9.858887 -7.816650 -10.746338 -8.901611 -11.585449 -9.022949 -7.653564 -8.265869 
||
-14.882080 -14.501709 -12.293457 -12.631348 -11.990234 -10.272705 -6.325195 -9.184326 -8.512451 -11.437988 -10.717041 -9.248291 -9.170898 
||
-15.648438 -14.321045 -13.796875 -14.431396 -13.029297 -10.517822 -8.763428 -10.559326 -9.513672 -13.277832 -10.695312 -9.975098 -10.394287 
||
-14.326172 -11.806396 -9.399902 -12.174805 -13.654785 -11.586670 -9.563721 -10.819092 -10.457764 -13.513916 -9.061768 -8.853027 -10.098877 
||
-18.306396 -15.302246 -14.240723 -15.104004 -15.602295 -14.674561 -11.637451 -13.207031 -11.982422 -14.076172 -11.278809 -11.457764 -12.368408 
||
-19.489746 -19.777588 -17.414062 -17.789062 -17.968506 -17.810059 -15.439941 -15.980469 -15.880615 -17.588623 -16.670166 -15.575195 -15.298340 
||

[**]
-4.012939 -4.299805 -4.140869 -3.367676 -3.631836 -3.789307 -4.817139 -4.729492 -4.307129 -4.391846 -4.595703 -5.841797 -3.985840 
||
-3.787598 -4.494141 -4.310059 -3.652588 -3.993408 -5.380859 -5.948975 -6.180664 -5.448486 -5.724121 -5.581787 -5.908447 -4.541016 
||
-3.372314 -4.311523 -4.360596 -4.050049 -4.272705 -4.726807 -7.047607 -6.274658 -6.368164 -3.995361 -4.707031 -4.996582 -4.460449 
||
-4.060303 -4.909424 -4.941895 -4.821533 -4.047119 -4.541992 -5.005615 -5.058594 -5.864014 -4.362793 -4.755859 -5.340820 -4.319580 
||
-3.822754 -5.397461 -4.978760 -4.681152 -4.408691 -4.647461 -5.011963 -5.465576 -5.788086 -4.813721 -5.065918 -4.846436 -4.135254 
||
-3.383789 -3.956299 -4.601562 -4.812988 -4.305420 -5.337402 -7.050049 -6.401855 -6.542969 -4.165283 -4.613281 -5.099609 -4.116943 
||
-4.012451 -5.038086 -5.177979 -4.456055 -3.516602 -3.651611 -4.580078 -4.464600 -5.248779 -4.250488 -4.413086 -5.422119 -4.237305 
||
-4.668945 -4.665771 -4.089355 -3.879395 -4.149170 -4.281494 -4.642578 -4.393799 -4.826172 -4.851562 -4.697510 -5.030762 -4.310303 
||
-3.448242 -3.373535 -3.625000 -3.991699 -5.108887 -5.628662 -6.262695 -5.583008 -5.892578 -4.677002 -5.349854 -4.581543 -4.206787 
||
-3.322021 -3.895020 -4.444824 -3.600830 -3.823486 -4.534668 -6.163330 -4.543457 -5.103516 -3.624023 -4.468262 -5.036133 -4.463623 
||
-3.938477 -4.264404 -4.336182 -3.839111 -3.751709 -4.400391 -5.349365 -5.198486 -5.534424 -4.122803 -4.800781 -5.450928 -4.375488 
||
-3.713379 -3.939941 -3.776611 -3.916992 -3.906738 -4.052734 -5.171143 -5.354004 -4.916016 -4.676514 -5.178467 -4.240723 -4.026123 
||
-2.461670 -2.490234 -3.553223 -2.634033 -3.288330 -3.402344 -4.309082 -3.414551 -4.992188 -3.797607 -3.968994 -3.386963 -4.128906 
||

[**]
-0.098389 2.039307 0.502441 -1.647461 -1.549072 -1.894775 -3.523438 -2.455078 -1.757324 -1.124023 -0.975586 0.493896 0.844238 
||
0.790283 1.766357 0.097168 -0.444580 -0.425049 -1.378906 -0.895020 -1.251953 -0.769531 -0.253906 0.295654 1.553955 1.729004 
||
-1.180420 -1.516602 -3.270020 -1.585449 -1.027832 -1.044678 -1.446045 -2.412109 -1.630371 -2.667969 -2.786621 -0.457031 0.620117 
||
0.745117 1.268311 -1.601318 -2.017822 -2.209961 -2.834229 -3.798340 -4.520996 -4.083740 -2.795410 -2.263916 0.714111 0.576660 
||
0.570801 1.535400 -1.885986 -1.350830 -1.233398 -2.470459 -3.339600 -3.644775 -3.599365 -2.393066 -1.141602 0.619629 0.391113 
||
-1.329102 -1.571533 -3.398926 -2.482422 -1.284424 -1.767822 -2.114990 -2.962891 -2.081055 -2.223877 -2.103271 0.070068 -0.038086 
||
1.238281 0.580078 -1.860107 -2.146729 -2.733887 -3.004395 -3.243408 -3.666260 -3.359375 -1.942627 -1.272217 1.044434 0.226807 
||
1.447998 1.766602 -1.314453 -1.830811 -2.883057 -3.234863 -3.884521 -3.278809 -3.068604 -2.630371 -0.158936 0.614502 0.387207 
||
-0.806641 -0.468750 -2.598145 -2.187988 -0.400391 -1.955566 -1.489502 -2.001709 -1.174561 -2.661621 -1.913086 -1.009033 -1.079102 
||
-0.514648 -1.368896 -2.042236 -1.266357 -1.524170 -1.567383 -0.812012 -2.241211 -1.201172 -1.325928 -1.631348 0.014648 -0.599854 
||
0.361084 0.160889 -0.785645 -1.821045 -1.588623 -2.705811 -3.096436 -2.995605 -2.770996 -1.682617 -0.302979 1.624023 -0.025879 
||
-0.437012 0.353516 -2.701660 -2.578369 -2.507324 -2.944092 -1.982422 -2.390625 -2.411377 -2.072510 -0.093262 -0.614502 -0.760010 
||
-0.702637 -0.617676 -1.870605 -2.201904 -0.827393 -0.246826 0.173828 -1.330811 -0.651855 -0.871338 -1.630127 -1.419434 -1.131592 
||

[**]
-1.833252 -2.781006 -1.947754 -1.340820 -1.222412 -1.997314 -3.249512 -2.704346 -2.418701 -2.889648 -3.412598 -3.767578 -3.220947 
||
-2.075439 -2.837646 -1.998291 -1.992432 -3.008789 -2.953369 -3.570068 -3.905029 -4.050537 -2.567627 -3.597656 -3.349854 -3.234131 
||
-2.035400 -1.807129 -1.560791 -1.414307 -2.818848 -3.232178 -5.161377 -3.622314 -4.368652 -2.442871 -2.978027 -2.768555 -2.393555 
||
-2.251953 -2.507324 -2.539551 -2.303467 -2.236572 -2.483154 -3.625244 -3.916260 -4.213135 -3.176025 -2.685303 -2.777344 -2.771973 
||
-1.339111 -1.988525 -2.017334 -2.354492 -3.270752 -2.876221 -3.332275 -3.821533 -4.668457 -2.819824 -3.109863 -2.243896 -2.511230 
||
-1.447998 -0.916016 -1.526123 -1.574463 -2.379150 -3.265137 -5.408203 -3.571777 -4.187988 -2.188721 -2.026855 -1.764404 -2.238525 
||
-1.871826 -2.513672 -3.073242 -2.057617 -2.315430 -2.025146 -3.657715 -3.200928 -3.011963 -2.242676 -2.312500 -2.823242 -3.113037 
||
-2.619385 -2.667480 -2.175293 -1.538574 -2.176758 -2.364990 -3.291992 -3.582520 -3.306641 -2.943359 -3.019775 -2.161865 -2.284912 
||
-1.920654 -1.598389 -1.729004 -1.112305 -2.790283 -3.327881 -4.416260 -3.463379 -3.962158 -2.647217 -2.669922 -1.421143 -1.989014 
||
-1.261719 -0.756348 -1.129150 -1.485596 -2.250244 -2.923340 -3.980957 -2.879883 -2.248779 -1.442383 -1.774658 -2.378418 -2.640137 
||
-2.338135 -1.802490 -2.185791 -1.312012 -1.582031 -1.767578 -2.922607 -2.702393 -3.033691 -2.724365 -4.088135 -3.758301 -3.111816 
||
-1.510498 -2.062988 -2.356934 -2.364014 -2.975586 -2.634277 -4.256836 -3.985596 -4.685303 -2.696533 -4.060303 -2.167725 -2.018799 
||
-1.754883 -1.682617 -1.843018 -1.778809 -1.755859 -2.571045 -3.382812 -2.605469 -3.359619 -2.200195 -2.058350 -1.627930 -2.871094 
||

[**]
-3.127197 -1.831299 -2.041748 -2.137695 -1.222656 -2.741699 -2.816895 -3.355957 -2.187500 -3.191162 -2.309082 -3.413330 -3.008057 
||
-2.967285 -2.490967 -2.677002 -3.579102 -3.212891 -3.366455 -2.061523 -3.614258 -3.607910 -4.166016 -3.466309 -3.435791 -4.148193 
||
-2.417236 -1.103271 -3.078857 -3.214355 -2.708008 -3.539307 -1.984863 -2.935547 -3.248047 -3.422363 -3.530273 -4.003662 -4.599365 
||
-4.115479 -2.906982 -2.835449 -2.878418 -2.352295 -2.510010 -3.022705 -4.682861 -4.361572 -4.309082 -3.493408 -3.642334 -3.407227 
||
-3.182129 -1.917480 -2.628418 -2.400635 -2.846680 -3.258789 -2.044189 -4.248535 -4.658203 -4.015625 -3.705811 -2.680420 -3.123779 
||
-2.634521 -1.679199 -2.979248 -2.461670 -2.027100 -2.968018 -2.326660 -3.408936 -3.336914 -2.620361 -2.414062 -3.014160 -3.834229 
||
-3.757568 -3.334229 -2.535156 -2.149414 -2.442383 -3.023682 -2.718262 -3.013184 -3.507324 -3.438477 -2.643799 -3.081055 -2.978516 
||
-3.873047 -2.842529 -1.760498 -1.994141 -1.343506 -2.812500 -2.651123 -3.026123 -2.947998 -3.885986 -2.692383 -3.051514 -3.235107 
||
-2.309570 -1.582764 -2.034912 -2.479492 -1.859375 -1.991455 -1.472168 -2.454346 -2.426758 -2.974365 -2.543457 -2.303711 -3.541260 
||
-2.983887 -2.581055 -2.971191 -2.369873 -1.708008 -1.864502 -1.266846 -2.484863 -1.644287 -2.083496 -2.421387 -2.435791 -2.783936 
||
-4.859131 -3.762207 -2.941650 -2.821533 -1.915771 -2.845703 -2.325439 -2.743896 -2.699951 -3.461670 -2.802734 -3.550537 -3.427734 
||
-4.360596 -4.187012 -3.826904 -3.886963 -3.488770 -3.875488 -2.177002 -3.073975 -2.997070 -4.315186 -3.648193 -3.868408 -3.615234 
||
-3.397217 -3.811523 -4.403320 -4.313965 -2.962891 -2.959473 -1.587402 -1.343506 -1.207520 -2.748779 -2.937744 -3.724121 -4.067383 
||

[**]
-3.194092 -3.755859 -2.944336 -2.598145 -2.793457 -3.751221 -4.275635 -3.967285 -3.118652 -1.884766 -3.566895 -3.271240 -3.850830 
||
-3.586182 -3.776855 -3.793701 -3.708740 -3.877686 -3.376221 -3.867920 -3.548096 -3.628662 -3.737305 -4.009033 -4.102051 -5.055664 
||
-3.523682 -4.463379 -5.224365 -3.999268 -3.918945 -4.834473 -5.173340 -5.173340 -5.375732 -5.114746 -5.911133 -5.403809 -5.491699 
||
-3.609131 -4.152832 -3.884521 -3.517578 -3.839355 -4.418457 -4.796143 -5.829590 -5.715088 -3.724609 -4.711426 -4.119141 -4.395752 
||
-3.451660 -3.916016 -3.877197 -3.290283 -3.961670 -3.774414 -4.314941 -4.392822 -4.777344 -3.203369 -4.602295 -4.336670 -4.949707 
||
-3.736084 -4.154297 -5.025146 -4.195557 -3.572266 -4.203369 -4.371094 -5.123047 -4.614258 -3.794434 -4.305664 -4.770508 -5.491943 
||
-3.642578 -3.646729 -3.837646 -3.501953 -4.223145 -4.348633 -4.507812 -4.631592 -4.470703 -3.396240 -4.250488 -3.887207 -4.329834 
||
-4.461182 -4.075928 -2.919434 -2.990723 -3.680420 -4.377930 -4.198730 -3.324463 -3.868652 -3.232422 -3.642090 -4.195557 -4.308350 
||
-4.298340 -4.414307 -4.227539 -3.628418 -3.158203 -4.125000 -4.623535 -3.794678 -3.847168 -4.350830 -4.477295 -4.105957 -5.183350 
||
-3.307861 -4.270020 -4.903076 -3.661621 -4.166016 -4.251953 -4.120850 -4.187500 -3.725830 -3.794922 -4.409424 -4.037354 -4.686768 
||
-3.914551 -3.819824 -3.257812 -3.166016 -3.021240 -3.501221 -3.866455 -3.662354 -3.943604 -2.567627 -3.410400 -3.020264 -3.527100 
||
-3.414551 -3.660400 -2.676025 -1.996094 -2.337646 -1.133789 -2.677490 -2.721191 -3.469482 -2.429688 -3.188965 -2.880127 -4.286133 
||
-3.554199 -3.778320 -3.694580 -2.673828 -2.057617 -2.445068 -3.258301 -2.134033 -2.567139 -2.769287 -3.636475 -4.219971 -5.361328 
||

[**]
-2.197754 -4.785645 -4.285645 -2.659424 -1.420654 -0.075439 1.997314 0.945801 -0.503418 -1.981689 -1.946533 -3.049316 -3.513184 
||
-2.030029 -3.361572 -1.740479 -2.497070 -2.752930 -1.553711 -1.136963 -0.813477 -1.150879 -1.274902 -1.510254 -2.847168 -2.830566 
||
-1.663574 -2.262939 0.055176 -1.002930 -0.934570 -0.861084 -1.151123 0.227783 0.646729 1.033203 0.656738 -0.967285 -2.240479 
||
-3.157959 -4.416748 -1.604736 -1.092773 -0.274658 1.502441 2.476318 3.517822 2.708740 0.793701 -0.024170 -2.298584 -3.056641 
||
-2.363281 -3.841309 -0.346924 -1.486084 -1.426025 0.032959 1.152588 2.283691 2.270020 0.642090 -0.043457 -2.462158 -1.779785 
||
-1.641113 -1.937744 0.483887 -0.789795 -0.925781 -0.608398 -0.471436 1.115967 0.967041 0.053223 -0.243896 -1.465088 -1.375977 
||
-3.634521 -3.511719 -1.767822 -1.342041 0.298096 1.738770 1.459473 1.734863 2.279297 0.079102 -1.626953 -2.944824 -2.689209 
||
-3.044434 -4.554688 -1.919922 -1.780029 -0.690186 1.041504 1.441162 0.876709 0.653564 0.816650 -1.457031 -2.375977 -1.894287 
||
-0.396729 -1.883057 -0.027832 -1.524170 -2.583496 -0.850098 -1.780273 -0.394775 -0.639404 1.104492 0.400146 -0.132080 -0.294922 
||
-2.203369 -2.129395 -1.204834 -1.992676 -1.439697 -0.947998 -1.830322 0.543213 -0.015381 -0.476074 -0.854980 -2.416016 -2.485840 
||
-3.584717 -4.193848 -2.272217 -1.296143 -0.792969 1.462646 1.965332 1.566162 1.011963 -0.855225 -2.424316 -3.447510 -2.826660 
||
-1.736816 -2.336914 0.459717 -0.972412 -1.455078 -0.602051 -0.950928 -0.539307 -1.529785 0.237549 -1.349365 -0.953125 -1.028076 
||
-1.749268 -2.081543 0.701172 -1.099609 -2.212891 -2.057861 -2.958984 -1.221680 -1.628906 -0.240723 -0.498047 0.365234 0.317627 
||

[**]
-5.291992 -5.254395 -4.693604 -5.214355 -4.604492 -5.267578 -5.697266 -5.775146 -5.824707 -5.638916 -5.479980 -5.476318 -6.135498 
||
-4.943359 -5.185303 -4.082520 -5.088623 -5.433594 -5.148926 -5.453857 -5.681641 -6.427979 -5.870605 -6.276611 -5.711914 -6.369873 
||
-5.542480 -5.626709 -5.684570 -4.977051 -5.272705 -4.926025 -6.824951 -5.687256 -6.423340 -6.012451 -6.350342 -6.542969 -6.459961 
||
-5.821289 -5.461426 -4.943115 -5.789795 -4.919678 -5.288574 -5.957520 -6.362061 -6.730713 -5.904541 -5.613281 -5.410889 -6.206543 
||
-4.796387 -5.670410 -4.787354 -5.654785 -5.665771 -5.202148 -5.679688 -5.538330 -6.477295 -5.117676 -5.901611 -5.410156 -6.152832 
||
-4.996826 -5.560059 -6.293213 -5.498291 -5.147949 -5.514160 -6.679443 -6.156738 -6.825195 -5.919434 -5.895508 -6.003662 -6.272217 
||
-5.440674 -5.529297 -4.975830 -5.286621 -5.218750 -5.220947 -5.663086 -5.962402 -5.977295 -5.664551 -5.358643 -5.155029 -5.875488 
||
-5.619385 -5.038818 -4.027100 -5.411133 -5.457764 -5.034180 -5.618652 -5.259277 -5.761719 -5.039551 -4.947021 -5.172607 -6.008301 
||
-4.985596 -4.762695 -5.133301 -4.882324 -5.698975 -5.933350 -6.439209 -5.143555 -6.527588 -5.484619 -5.425049 -5.098877 -6.017334 
||
-5.325684 -5.223145 -5.855713 -5.195801 -5.254883 -5.087158 -6.328857 -5.504395 -5.489502 -5.262207 -5.574951 -6.072510 -5.690674 
||
-5.542969 -5.029541 -4.128418 -5.073975 -4.602051 -4.875977 -5.671143 -5.646729 -6.049561 -5.423340 -5.116211 -5.227295 -6.244385 
||
-5.236328 -5.286621 -4.353760 -4.875244 -5.252197 -5.277100 -5.146484 -5.136719 -6.106445 -4.889648 -5.453369 -5.177490 -5.669922 
||
-4.465332 -4.658691 -4.420166 -5.077148 -4.811279 -4.534424 -5.293213 -4.051758 -5.563721 -4.768555 -5.177246 -4.956055 -5.611572 
||

[**]
0.558594 1.521484 -0.143555 0.063477 0.447754 0.566406 0.176025 0.024902 0.457031 0.295654 0.427002 -0.433838 -0.119873 
||
0.298340 1.471436 -0.363525 -0.015381 0.247803 0.200684 0.249756 -0.278320 0.129395 -0.013428 0.140625 -0.925537 -0.304688 
||
-0.010498 1.128906 -0.505859 -0.022949 0.105225 0.343018 -0.056152 -0.482178 -0.525879 -0.471680 0.010498 -1.004883 -0.144531 
||
0.497070 2.060791 -0.653076 -0.167480 -0.092041 0.518555 -0.298340 -0.262695 0.036621 0.136963 0.650635 -1.085205 -0.440186 
||
0.339600 1.357666 -0.644287 0.182861 0.087646 0.440918 -0.203857 -0.269531 -0.301025 -0.127686 0.011963 -1.192871 -0.500244 
||
-0.136475 0.842529 -0.619141 0.373535 -0.017822 0.037842 -0.072510 -0.510742 -0.635254 -0.488037 -0.026855 -1.030762 -0.281494 
||
0.104492 1.845215 -0.675781 0.017578 -0.151123 0.373291 -0.266846 -0.205078 -0.119629 -0.121826 0.858154 -0.880615 -0.758301 
||
0.318604 1.437744 -0.594971 0.237061 0.128662 0.723877 0.195557 -0.376953 0.013428 -0.052734 0.396973 -1.232178 -0.437500 
||
0.150879 1.016846 -0.368164 0.245361 0.126709 0.139160 0.017090 -0.488037 -0.529785 -0.447266 -0.341064 -0.864746 -0.146973 
||
0.209717 1.430908 -0.483887 0.149658 -0.140625 0.284424 -0.311279 -0.221680 -0.443604 0.086914 0.274658 -0.921143 -0.232178 
||
0.411865 2.145508 -0.424316 -0.410645 0.109131 0.635986 -0.156982 -0.006592 -0.218994 0.115234 0.898682 -1.200195 -0.481201 
||
0.335205 1.411133 -0.337891 0.141357 -0.059082 0.066895 0.702148 -0.502930 -0.540527 -0.332520 0.175049 -0.627686 0.209229 
||
-0.180908 0.666260 0.033936 0.060791 -0.202393 0.221680 0.354492 -0.305420 -0.292969 -0.154297 0.157471 -0.434814 0.072021 
||

[**]
0.368408 1.021240 1.154053 0.923828 0.377930 0.537354 0.505127 0.538574 0.747559 0.826904 1.033447 1.108154 0.278564 
||
-0.695557 -1.277100 -1.471191 -0.796143 -0.207764 0.110107 0.354492 -0.066406 -0.581543 -1.387695 -1.222412 -1.621094 -0.469482 
||
0.798340 1.039795 0.030762 -0.175537 -0.612793 -0.982910 -1.072021 -0.942139 -0.252686 0.146240 0.699707 0.287354 0.133301 
||
-0.100342 0.032959 0.120605 0.160156 -0.354004 0.163086 0.074707 0.468018 0.250488 0.010742 0.047852 -0.185303 -0.180664 
||
-0.249756 -1.107178 -1.188232 -0.211182 -0.115967 0.274170 0.405518 0.225098 -0.146484 -0.966553 -0.913086 -1.300049 -0.305176 
||
0.661377 1.214600 0.204834 0.189453 -0.276367 -0.470703 -0.275879 -0.378418 0.044189 -0.158447 0.661621 0.060303 0.080078 
||
0.588135 1.283447 0.630859 0.725098 -0.192871 0.186523 0.216797 0.663330 0.660156 0.730957 0.725830 0.649902 0.459717 
||
-0.832764 -1.343994 -1.078857 -0.173096 0.122314 0.163818 0.130371 0.148926 0.124756 -1.114502 -0.821533 -1.554199 -0.770020 
||
0.223633 0.140137 -0.336182 -0.693359 -0.575928 -0.722900 -0.055176 -0.623291 -0.585938 -0.569092 -0.316162 -0.483643 -0.204590 
||
0.524170 1.763672 0.814697 0.678955 -0.046875 -0.171631 -0.500244 -0.140381 -0.041748 0.330322 1.136230 0.979980 0.544189 
||
-0.170654 -0.332031 -0.172852 0.125488 0.038574 0.124756 0.293701 0.773682 0.339844 -0.105957 -0.254395 -0.649658 -0.470703 
||
-0.930420 -1.206299 -1.766602 -1.042480 -0.364990 -0.102539 -0.100586 -0.231445 0.077637 -0.952637 -0.773926 -1.483643 -0.544922 
||
0.612061 0.311768 -0.076172 -0.084961 -0.412842 -1.049561 -1.037842 -1.457275 -0.447266 0.222656 0.476562 -0.043701 0.311279 
||

[**]
0.307861 -0.096924 -0.028809 0.298584 0.304688 0.319580 0.344971 0.256104 0.284912 0.188721 0.126465 0.000244 0.525146 
||
0.426025 0.034912 0.099854 0.312988 0.329346 0.265137 0.107666 0.392822 0.466797 0.361816 0.137207 -0.068848 0.433594 
||
0.535400 -0.002197 0.053955 0.311523 0.407227 0.176270 0.138184 0.217529 0.382812 0.636230 0.198242 -0.147705 0.298584 
||
0.395752 -0.249268 -0.089844 0.295898 0.453613 0.265381 0.267090 0.286133 0.208984 0.334961 -0.015381 -0.156494 0.225830 
||
0.706055 -0.060059 0.103760 0.314453 0.337402 0.081055 0.152100 0.124756 0.282227 0.448242 0.143799 -0.093750 0.397217 
||
0.547363 0.027588 0.123779 0.300537 0.476318 0.293213 0.236816 0.224854 0.333008 0.602539 0.248047 -0.022949 0.323242 
||
0.335449 -0.225098 -0.137939 0.185303 0.497314 0.342529 0.289795 0.257568 0.256104 0.298584 -0.030273 -0.204834 0.092773 
||
0.422119 -0.156494 0.113525 0.163574 0.358887 0.235596 0.223145 0.179199 0.216553 0.395020 0.085938 -0.088135 0.339111 
||
0.578369 0.063721 0.298828 0.325928 0.396729 0.247559 0.171143 0.317383 0.437744 0.470703 0.299561 0.026855 0.518799 
||
0.355957 -0.094971 0.060791 0.334473 0.503662 0.373291 0.319092 0.423096 0.474854 0.605957 0.013916 -0.171631 0.265625 
||
0.262695 -0.197510 -0.078857 0.140625 0.372314 0.309082 0.317383 0.266113 0.244629 0.182373 -0.075684 -0.175781 0.219238 
||
0.824707 0.123535 0.016846 0.228516 0.245850 0.045410 0.120850 0.083740 0.132568 0.383301 0.081055 -0.154541 0.244141 
||
0.596924 0.147461 0.314209 0.376953 0.582031 0.370361 0.130127 0.265137 0.401367 0.474609 0.315674 0.082275 0.617920 
||

[**]
-0.538574 -0.963135 -0.915039 -1.079590 -0.837158 -0.815674 -0.724609 -0.855957 -0.875732 -0.946045 -0.718262 -0.883301 -0.348389 
||
-0.141846 -0.516846 -0.603760 -0.278320 -0.160400 -0.115723 -0.331055 -0.166016 -0.390869 -0.392578 -0.414307 -0.651855 -0.162354 
||
0.094727 -0.206299 -0.229492 -0.080322 0.021484 0.023438 0.056641 0.067871 -0.099121 -0.191895 -0.279785 -0.480469 -0.083008 
||
0.255615 -0.394043 -0.222412 0.065674 0.154541 0.195801 0.144287 0.115967 -0.147949 -0.149414 -0.237061 -0.337891 0.160889 
||
0.256104 -0.057617 0.009766 0.263428 0.166016 0.024414 0.149902 0.269775 0.105957 0.177979 0.152344 -0.038818 0.248535 
||
0.205322 -0.164551 -0.018311 0.121094 0.259277 0.253418 0.333496 0.376465 0.306641 0.204102 0.000488 -0.066650 0.125244 
||
-0.000488 -0.367188 -0.376465 0.023438 0.106201 0.321289 0.214355 0.242188 -0.042969 -0.032227 -0.333008 -0.246094 -0.006348 
||
0.017822 -0.378174 -0.111328 0.091553 0.100830 0.114746 0.192383 0.215820 -0.082031 0.055176 -0.009521 -0.144531 0.170410 
||
0.374023 -0.054932 -0.025879 -0.018066 -0.036865 0.242676 0.280518 0.431152 0.365967 0.437744 0.397705 0.217773 0.394287 
||
-0.088623 -0.262207 -0.237061 -0.118652 0.117920 0.260010 0.273926 0.467529 0.245605 0.146973 -0.137939 -0.153076 0.052734 
||
-0.030273 -0.401367 -0.233887 -0.144531 -0.072266 0.038086 0.214844 0.143555 -0.115723 -0.089355 -0.295410 -0.389648 0.035156 
||
0.000732 -0.375000 -0.316162 -0.112793 -0.219971 -0.120605 -0.242432 -0.153809 -0.175293 -0.075684 -0.298340 -0.267090 -0.010010 
||
-0.507568 -1.178711 -0.812744 -0.869873 -0.621094 -0.627197 -0.566162 -0.581543 -0.695557 -0.927979 -1.056152 -0.791504 -0.347412 
||

[**]
-13.381348 -9.091553 -7.615234 -12.154297 -12.234375 -11.809570 -11.204834 -10.831543 -12.013916 -10.482422 -11.057129 -9.270752 -13.726318 
||
-15.055908 -11.718994 -9.071045 -11.587891 -11.685303 -9.770752 -9.996826 -8.945068 -11.513672 -11.491211 -12.764893 -10.521240 -14.293457 
||
-17.211670 -14.885986 -12.886230 -12.752197 -12.421387 -10.588135 -9.795654 -9.718506 -12.927490 -13.301758 -15.078613 -13.275391 -14.082520 
||
-16.216797 -11.236572 -8.536133 -11.862061 -11.114990 -10.219482 -10.521973 -9.255371 -12.407715 -11.632568 -12.339355 -8.619629 -13.753418 
||
-16.009277 -12.466553 -10.767822 -10.583984 -9.520020 -8.293945 -8.585693 -8.164795 -11.321533 -11.319580 -12.772705 -11.202881 -12.572021 
||
-15.514648 -13.969727 -13.485840 -11.250488 -8.575684 -7.530762 -7.062988 -7.796387 -10.791260 -12.208740 -12.579834 -11.884766 -12.406494 
||
-15.349121 -10.410156 -8.282471 -10.522217 -9.411865 -8.951416 -8.417725 -8.493164 -10.686279 -11.020508 -9.339111 -5.704590 -11.365967 
||
-14.154785 -10.138672 -8.554688 -9.252930 -8.899902 -8.270508 -8.011719 -6.853271 -9.256592 -8.633301 -9.216309 -6.647949 -11.139160 
||
-15.724121 -13.131836 -10.989014 -9.659180 -9.206787 -7.763184 -7.642822 -6.232666 -8.374756 -9.844727 -10.888184 -10.983154 -12.081543 
||
-16.001953 -12.199219 -11.866943 -10.716553 -9.812012 -9.353760 -9.096191 -8.324219 -10.091553 -11.094238 -10.272949 -9.662109 -12.265625 
||
-15.370117 -9.015137 -7.656982 -10.163330 -11.443604 -9.734619 -9.760010 -7.864258 -10.532715 -10.969238 -8.323975 -6.832275 -12.427979 
||
-16.804688 -12.208008 -10.333740 -10.487061 -11.369629 -11.419922 -9.517090 -8.537842 -11.113525 -10.935791 -11.165283 -10.204834 -12.700684 
||
-17.257324 -15.877930 -14.119385 -15.095215 -13.278320 -13.713135 -11.848389 -11.387695 -11.747314 -13.088379 -12.146240 -12.834229 -12.937256 
||

[**]
-4.559814 -5.007080 -4.533203 -3.141357 -3.442627 -3.893799 -4.640869 -4.506836 -4.051270 -4.952148 -4.669189 -6.344727 -4.199463 
||
-3.868408 -4.986816 -4.148682 -4.718018 -4.906006 -5.953613 -5.830322 -6.311523 -5.134521 -6.083496 -5.357422 -6.117432 -5.124756 
||
-3.192139 -4.438721 -3.605469 -4.002686 -4.110596 -5.529053 -6.251709 -5.463379 -4.851807 -3.771729 -3.804932 -4.707764 -4.175293 
||
-4.472656 -5.667480 -4.931152 -3.957031 -3.353027 -3.808594 -3.638184 -4.142578 -3.524170 -3.551514 -4.058838 -5.372314 -4.332031 
||
-4.097412 -5.768799 -4.348633 -4.641602 -4.424561 -4.247314 -4.148682 -4.578857 -3.636475 -4.177979 -4.172607 -5.193359 -4.381836 
||
-2.923340 -3.850830 -4.043457 -5.215576 -4.426270 -5.844727 -6.339355 -6.137939 -4.789062 -3.851318 -3.799805 -5.135742 -4.363037 
||
-4.143311 -5.284180 -5.392822 -3.769775 -3.210205 -3.349121 -3.590576 -3.741943 -3.278564 -3.420898 -4.041748 -5.362305 -4.396240 
||
-4.720459 -5.571777 -4.089355 -3.864990 -3.616943 -3.335449 -3.800049 -3.650391 -3.242676 -3.721680 -4.562500 -5.300781 -4.163574 
||
-3.117676 -3.868408 -3.663330 -5.036621 -5.569336 -6.229980 -6.059082 -6.168701 -5.368896 -4.531738 -4.897461 -4.483398 -4.752197 
||
-2.620361 -3.689209 -4.005371 -4.047363 -4.598389 -5.252441 -5.688232 -4.843994 -4.208496 -3.683350 -4.179688 -5.077637 -4.492676 
||
-3.731201 -4.225342 -3.896484 -2.895996 -3.184326 -3.572021 -4.489502 -4.645996 -3.935059 -3.724854 -4.900391 -5.683350 -4.049561 
||
-3.421875 -3.952637 -2.929199 -3.910889 -3.978760 -3.137939 -4.768066 -4.996338 -4.165771 -3.817139 -5.134766 -3.969482 -3.937256 
||
-2.710205 -2.598633 -3.189209 -3.020996 -3.767090 -3.800049 -5.313721 -4.370361 -5.105957 -4.050049 -4.022461 -3.951904 -4.342041 
||

[**]
0.791260 2.800537 1.723389 -0.871826 -0.466064 0.182617 -1.125488 -0.063232 -0.543457 0.068115 -0.120850 1.656006 1.138916 
||
1.692383 2.903076 1.844971 1.025391 0.735352 0.179199 0.715332 0.850586 0.901123 0.885010 1.496094 3.105469 2.760986 
||
0.205322 0.581299 -0.064697 -0.065430 0.299561 0.663818 0.704102 0.301514 0.190186 0.120850 0.018311 2.260498 2.183594 
||
1.823730 2.610840 0.619141 -0.591309 -0.986084 -1.122314 -1.696289 -1.036621 -1.327637 -0.287354 -0.697754 1.822754 0.965088 
||
0.928711 2.202393 -0.473145 -0.962158 -0.369629 -1.455078 -1.797119 -1.374268 -1.549072 -1.144531 0.323486 1.872803 0.937744 
||
-0.402832 0.393555 -0.674072 -0.816650 -0.527588 -0.840332 -0.819092 -1.134277 -0.647949 -0.640869 0.499512 1.958984 1.495605 
||
2.460938 2.121338 0.196289 -0.432373 -1.442139 -1.041016 -1.345703 -1.196533 -1.154053 -0.118652 0.441162 2.542236 1.314453 
||
2.284424 3.104004 -0.437744 -1.787598 -1.537354 -1.162842 -2.107910 -1.318604 -1.814697 -1.098633 0.103027 1.657471 0.922363 
||
0.199951 0.988525 -1.233154 -1.229004 -0.400635 -1.225342 -0.545410 -0.872314 -0.853516 -1.472900 -1.109619 -0.006104 0.083008 
||
0.292725 -0.016602 0.107666 0.495850 -0.836426 -1.059570 -0.239746 -0.931396 -0.689209 -0.355713 0.071777 1.590332 0.720947 
||
1.536377 1.316162 0.590088 -0.730957 -0.535645 -0.572754 -1.389648 -0.817139 -1.328369 0.001221 0.614258 2.819092 1.184082 
||
0.476807 1.670410 -1.100342 -1.541504 -1.265381 -1.408691 -0.503662 -0.606689 -1.011963 -0.382080 0.875244 0.703857 0.436768 
||
0.856201 1.464111 -0.577148 -1.337646 -0.316162 0.218262 1.366211 -0.577393 -0.158203 0.078369 0.767578 -0.285400 -0.306396 
||

[**]
-3.655273 -4.232178 -2.961426 -2.150879 -2.838135 -2.494385 -3.647949 -3.184326 -3.537109 -3.685547 -4.122070 -5.189941 -4.624756 
||
-3.846436 -4.702393 -3.117676 -3.418213 -4.182617 -3.713867 -4.366211 -3.993652 -4.515381 -3.632812 -4.650146 -4.685547 -4.905762 
||
-3.964844 -3.768555 -2.693848 -2.866211 -4.008057 -3.958984 -4.832764 -3.242676 -4.561768 -3.314941 -3.915039 -3.426758 -3.764404 
||
-3.917725 -4.106689 -2.992432 -2.947754 -3.455811 -3.094727 -4.000732 -3.593994 -4.234375 -3.470215 -2.882324 -3.116211 -3.468750 
||
-3.334717 -4.044189 -2.699707 -3.119873 -3.994141 -3.219971 -3.375244 -2.959229 -3.737061 -3.215576 -3.170166 -2.221436 -2.858154 
||
-2.913574 -2.705811 -2.644531 -2.998535 -3.445068 -3.775146 -4.591064 -2.948486 -3.807129 -2.665283 -2.928223 -2.018311 -2.712891 
||
-3.365234 -3.601318 -3.031494 -2.507568 -2.950928 -2.199219 -3.645020 -2.907959 -3.157471 -2.661133 -2.997314 -3.131348 -3.392334 
||
-3.742432 -4.023926 -2.088623 -1.925781 -2.768555 -2.502441 -4.105713 -3.326660 -3.677979 -2.875732 -2.980225 -1.886230 -2.458740 
||
-3.279541 -3.760498 -2.528564 -2.202637 -3.500000 -3.369629 -3.960693 -2.835449 -3.618652 -2.092041 -2.533203 -0.825195 -2.277832 
||
-2.832764 -2.311279 -1.708252 -2.505127 -3.480225 -3.088623 -3.672852 -2.016846 -2.547119 -1.962158 -2.294922 -2.578857 -3.397461 
||
-2.919678 -3.129639 -2.422119 -1.968262 -2.890137 -2.090576 -3.498291 -2.800293 -3.520996 -3.534180 -4.251709 -4.464111 -4.216064 
||
-3.000732 -3.915527 -2.015137 -2.457520 -3.220215 -3.126709 -4.338135 -3.885010 -4.054443 -2.829346 -4.069092 -2.065430 -2.434082 
||
-3.913330 -4.095459 -2.609863 -2.624023 -3.092773 -4.616455 -5.013184 -3.639648 -5.053223 -3.825684 -3.957520 -1.915527 -3.300781 
||

[**]
-3.450439 -2.895508 -2.902588 -2.948730 -2.368896 -2.930176 -2.458496 -3.058105 -3.143799 -3.805420 -2.818604 -4.270020 -3.817139 
||
-3.530762 -3.444580 -3.477783 -4.126465 -3.067871 -3.768066 -1.670654 -3.129150 -2.617676 -4.461670 -3.612793 -4.287842 -4.980957 
||
-3.337158 -2.777832 -3.029541 -2.654541 -2.755371 -3.419678 -1.480713 -1.839600 -2.768555 -3.952148 -4.091797 -4.645752 -4.824707 
||
-5.069336 -4.038330 -2.484863 -2.901855 -2.568359 -1.999023 -2.392334 -2.699707 -2.647949 -3.852783 -2.351807 -3.575928 -2.825439 
||
-3.520020 -2.870361 -2.753662 -2.475586 -2.708740 -2.862305 -1.865723 -2.176514 -2.552490 -3.493164 -2.534912 -2.590088 -3.007080 
||
-3.802246 -3.198242 -2.941650 -2.769775 -2.388672 -3.025635 -2.532959 -1.843506 -2.395752 -3.218262 -3.287842 -2.872070 -3.335449 
||
-5.560059 -4.041748 -2.697266 -2.649902 -2.210449 -1.927979 -2.494141 -1.820801 -2.243164 -3.337646 -2.462402 -3.352783 -2.535156 
||
-4.266113 -3.289795 -1.568848 -1.755859 -1.519775 -2.482422 -1.886230 -1.823730 -1.637207 -3.473633 -2.001465 -3.010986 -3.198242 
||
-2.727295 -2.499268 -2.267822 -3.037842 -1.809082 -1.440430 -0.756592 -1.217041 -1.649414 -1.812988 -1.883301 -1.414062 -2.872559 
||
-4.350342 -3.989990 -3.296387 -3.095215 -2.131836 -1.051025 -1.154297 -0.725586 -1.153564 -2.106445 -2.212158 -2.345703 -2.165527 
||
-5.874268 -4.898682 -2.728760 -3.348389 -2.772705 -2.353516 -1.893555 -1.162842 -1.456299 -3.593018 -1.937988 -3.766846 -3.314453 
||
-4.129150 -4.855957 -3.324951 -3.663818 -2.563721 -3.646240 -1.333008 -2.081299 -1.470947 -3.403564 -2.438721 -3.981689 -4.332275 
||
-5.072754 -6.255859 -5.251465 -4.948242 -3.642578 -3.935303 -1.819336 -1.520264 -1.776611 -4.115234 -3.461426 -4.508545 -4.425049 
||

[**]
-3.180176 -4.156494 -2.391846 -2.581299 -3.464600 -3.037354 -2.910400 -2.437500 -2.862061 -0.530518 -2.619385 -2.042480 -3.207275 
||
-3.528320 -4.017334 -2.336426 -3.150879 -3.715088 -2.021484 -3.038574 -2.200439 -3.352051 -2.556396 -3.484131 -3.649170 -4.191650 
||
-3.655762 -4.117920 -3.561279 -3.400391 -3.320801 -3.577148 -4.311279 -3.017822 -4.007568 -4.013672 -4.648193 -4.412842 -4.211670 
||
-3.770264 -4.284424 -2.590820 -2.881348 -3.082031 -2.993408 -2.751465 -2.831299 -2.760010 -1.981934 -3.101074 -2.854492 -3.339844 
||
-3.669678 -4.020508 -2.002686 -2.153320 -3.345703 -2.201660 -3.208740 -1.737549 -2.420166 -1.173828 -3.463135 -3.056152 -3.463135 
||
-3.654297 -3.628906 -3.158936 -3.374268 -3.134521 -3.062256 -4.211670 -2.600098 -3.153076 -2.347656 -3.330566 -3.477051 -3.852539 
||
-3.711426 -3.677734 -2.505127 -3.145264 -3.067383 -2.840820 -3.236572 -2.740479 -2.274658 -1.871338 -3.382080 -3.063232 -3.010498 
||
-4.476807 -4.121582 -1.824463 -2.022217 -3.274414 -2.527832 -2.783691 -1.726562 -1.720947 -0.489258 -2.722656 -2.621338 -2.894287 
||
-3.576416 -3.486572 -2.479736 -2.914062 -3.179688 -2.719727 -3.701904 -1.818604 -2.762695 -2.003174 -2.962891 -2.659912 -3.481689 
||
-3.302002 -4.190186 -3.751465 -3.641113 -3.264893 -2.852539 -3.322510 -2.082764 -2.672852 -2.231445 -3.285400 -3.325439 -3.377686 
||
-4.150635 -3.852783 -1.716553 -2.059082 -2.637695 -1.487793 -1.946289 -1.588867 -1.804199 -0.674072 -2.511230 -1.942383 -2.452637 
||
-2.999756 -2.943359 -0.438965 -0.037109 -1.598633 0.458008 -1.646240 -1.322754 -1.921631 -0.356934 -2.393066 -1.455078 -2.732666 
||
-3.330566 -4.149414 -2.860107 -2.393555 -2.561035 -1.360840 -3.013672 -0.900146 -2.510742 -1.772705 -2.845215 -3.585693 -3.958496 
||

[**]
-3.335938 -4.988281 -5.000977 -3.140625 -2.076172 -1.817139 -0.812012 -1.598389 -1.961914 -3.974609 -3.187256 -4.441406 -3.253418 
||
-3.803711 -4.685791 -4.109131 -3.379639 -2.464355 -2.719971 -2.928711 -3.801514 -3.627441 -3.338623 -4.180664 -5.123779 -3.147949 
||
-2.506348 -2.366211 -2.560059 -2.313232 -2.328857 -1.611572 -3.627686 -3.206299 -3.184082 -1.167480 -2.319580 -3.521484 -3.370117 
||
-3.923096 -4.498047 -3.473633 -1.722168 -1.115234 -0.313965 -0.413818 -0.379395 -0.610107 -1.504639 -2.109131 -3.756592 -2.949219 
||
-2.719238 -4.431885 -1.927246 -1.664062 -1.359131 -0.916016 -0.343506 -0.787109 -0.694580 -1.091553 -2.744629 -4.033691 -2.210938 
||
-2.151855 -1.979492 -1.243652 -1.570557 -1.485596 -1.236572 -1.676270 -1.854248 -1.784180 -1.589844 -2.503662 -3.855469 -2.017822 
||
-3.816162 -4.111572 -3.223877 -1.595459 -0.560059 -0.344238 -0.778809 -0.512695 -0.643066 -1.489258 -2.719971 -4.468506 -3.197021 
||
-3.894775 -5.513672 -2.970459 -1.948242 -0.622803 -1.066406 -0.393555 -1.869629 -1.147461 -1.347656 -3.062012 -3.304443 -2.269287 
||
-2.005859 -2.218018 -1.593262 -1.853516 -2.290283 -1.612549 -2.624023 -2.562256 -1.833008 -0.678711 -1.016602 -2.255615 -0.901611 
||
-2.295166 -1.974609 -2.752930 -2.306885 -1.842529 -1.548584 -2.644287 -2.117920 -1.820801 -1.747070 -2.268311 -3.985352 -2.846436 
||
-3.658203 -4.579590 -4.192871 -1.735596 -0.708008 -0.777344 -0.634766 -1.746338 -1.203369 -2.439941 -3.959961 -4.638428 -3.358398 
||
-3.006836 -3.338867 -2.042969 -1.637451 -1.936523 -1.436035 -2.268555 -2.647217 -2.381592 -1.674316 -3.377930 -2.329346 -2.553711 
||
-2.343018 -2.929199 -1.764648 -2.261230 -3.332520 -2.877930 -3.470703 -2.980713 -2.592529 -1.016357 -1.741943 -0.949951 -0.983887 
||

[**]
-7.210205 -6.826172 -6.610107 -7.246582 -6.851562 -7.281982 -7.751465 -7.651855 -7.906250 -8.274170 -7.544434 -7.706055 -7.130615 
||
-7.207520 -6.703369 -6.710449 -7.037598 -6.019287 -7.405273 -6.778076 -7.571045 -7.878662 -8.480225 -7.119873 -7.456543 -7.308838 
||
-8.073242 -8.588867 -8.273438 -8.120605 -7.321045 -7.143555 -6.953857 -7.939209 -7.985107 -8.625244 -9.039795 -8.091064 -8.264404 
||
-7.440918 -7.197998 -6.379395 -7.532959 -7.752441 -8.343994 -8.163086 -8.225830 -7.704834 -7.462158 -6.803467 -6.381104 -6.913818 
||
-7.407959 -7.032227 -7.319092 -7.347656 -6.635742 -7.226318 -7.107910 -7.144531 -7.190674 -7.932373 -6.625000 -6.626465 -6.680664 
||
-7.767090 -7.748291 -8.624268 -8.555908 -6.987793 -7.233887 -7.096924 -7.648682 -7.607178 -8.459961 -8.689453 -7.523438 -7.089600 
||
-7.237061 -8.061523 -6.683350 -7.099854 -7.524658 -7.557373 -7.515625 -8.362305 -7.481689 -6.742432 -6.925537 -6.270264 -6.501465 
||
-6.717529 -7.012695 -6.036133 -6.856934 -6.836182 -6.663818 -6.877441 -7.060791 -7.168457 -7.223145 -5.512451 -5.971436 -6.183105 
||
-7.618408 -6.870117 -7.750732 -7.440918 -6.622559 -6.735596 -6.824951 -6.850342 -7.173828 -7.430908 -6.534912 -6.397949 -6.457275 
||
-7.227051 -8.003174 -7.225098 -7.481689 -7.781982 -6.906250 -6.955566 -7.476074 -7.029785 -7.160156 -6.946045 -6.472412 -6.938477 
||
-6.959717 -7.658691 -5.448975 -6.548096 -6.896729 -7.358643 -7.327393 -7.410645 -7.438721 -6.929932 -6.018799 -5.894043 -6.899414 
||
-7.650391 -7.585205 -7.075195 -6.625244 -6.421387 -6.932129 -6.966309 -6.921875 -6.715332 -6.821045 -6.616211 -6.698486 -6.534424 
||
-7.285400 -6.717041 -7.191650 -8.219238 -7.644043 -6.963379 -6.406006 -6.718506 -7.531982 -7.376221 -7.019531 -6.486572 -7.049561 
26;26;36;112

||

[**]
-1.004639 0.580566 -0.220459 0.162109 0.219238 -0.346436 1.865479 -1.547607 -1.550049 -0.173828 0.944092 1.531250 -0.245361 -0.508057 -0.273438 -0.862305 -0.454346 -0.537354 -0.841309 0.237549 -0.255127 0.044922 -0.126953 0.107910 -0.216797 0.881836 
||
-0.708984 -0.348877 0.236572 0.639893 0.229736 0.191650 1.628662 -1.810547 -0.632568 -0.123047 -1.010010 -0.126709 0.057373 0.119629 -0.372803 -0.586670 0.267090 0.572266 -0.488037 -0.678711 0.568848 1.454346 -0.438232 -0.103027 0.267334 1.868408 
||
-1.232422 -0.825439 -0.589600 -0.359375 -0.113037 -0.395508 -0.112305 -0.537109 0.563721 0.847900 -2.228516 0.864258 0.393311 0.282227 0.096924 -1.393799 0.835693 0.247559 -0.475830 0.214111 0.522949 0.298096 -0.305420 0.719238 -0.913574 1.982178 
||
-2.103027 -1.130859 -0.107178 -1.015137 0.073730 -0.625977 -0.843750 -0.172119 0.236328 0.669434 -1.354736 0.297607 0.290527 0.206787 -0.143066 -0.866699 0.487549 0.177002 -0.932129 0.634277 -0.493408 -1.339600 0.630371 0.736816 -0.910645 2.093750 
||
-0.481201 -2.128174 0.565186 -1.328613 -0.634521 -0.326172 -0.758301 -0.879395 -0.836426 -2.313477 1.224365 -0.455078 -0.168945 0.083008 -0.518066 -0.150635 -0.668457 -0.850342 1.542236 0.080322 0.830322 -0.636719 -1.031738 -0.530762 0.388428 2.034424 
||
-1.726318 -0.303711 -0.672607 -1.349365 -2.041992 0.611572 0.449219 -0.393066 -0.666504 0.279053 -0.441162 0.427734 -0.842529 -0.400879 -0.218262 0.708252 -1.841064 0.165039 -1.072021 1.549561 0.057617 0.009766 -1.273682 -0.115967 0.540771 1.290527 
||
-2.413330 0.688232 -0.678467 -0.205078 -0.854248 1.013672 1.149658 -0.145508 -1.275879 0.402344 -0.320068 2.289551 -1.062012 -0.284424 -0.115967 -1.018799 -1.345703 -0.883789 -0.667480 0.132812 0.534424 -0.320557 -0.053467 -0.208740 0.512939 1.899414 
||
-1.447510 -0.048584 -0.400391 1.600098 -0.889404 0.611084 0.831787 -0.999756 -0.744873 0.617920 -1.118408 0.017578 -0.621338 0.185059 -0.742432 -0.249512 0.025146 0.218750 -0.879883 -1.296631 0.752197 1.163330 -0.654541 -0.359375 0.469971 1.948242 
||
-1.505127 -0.798584 -0.445801 1.064453 -0.804443 -0.800537 -1.330566 -0.252197 0.404297 0.303223 -2.540527 0.311279 0.409912 0.482910 0.504639 -1.351562 0.630371 0.129395 -0.523682 -0.894775 0.243652 1.145996 -0.281982 0.218506 -1.165283 1.786621 
||
-2.591064 -0.504395 -0.275879 -0.826416 0.288086 -1.284180 -1.209229 -0.182617 0.470215 1.038330 -1.403809 0.488770 0.068848 0.377686 0.001465 -0.957764 0.867188 1.181885 -1.538818 0.044678 -0.395020 -0.682617 0.619385 0.397705 -0.784912 2.369873 
||
-0.707764 -1.332275 0.584229 -1.307861 0.320068 -0.437988 -1.474121 -0.290283 0.211182 -2.748291 -0.221924 -0.595459 0.099609 0.484131 -1.078857 -0.074219 0.232422 -0.229492 0.802979 -1.176758 0.927490 -1.650635 0.504395 -0.081299 -0.207031 2.018799 
||
-0.634766 -1.010742 -0.546631 -2.415039 -1.387939 -0.564453 0.280273 -0.341309 0.460205 -1.613037 0.124512 -0.202148 -0.408203 -0.496094 0.150391 0.525391 -0.330566 0.334961 0.160400 0.316162 -0.686768 -1.210693 -1.328369 0.072510 -0.198975 2.301514 
||
-2.028076 0.499756 -0.442627 -1.119385 -0.873047 0.670166 0.495361 0.914795 -1.230225 -0.598633 0.195557 0.963135 -0.183838 -0.279541 0.019043 0.967041 -1.804932 -0.601562 -0.111572 0.563477 -0.642822 0.240479 -1.052490 0.409424 0.327637 1.066162 
||
-1.849365 0.241211 0.359863 -0.340820 -0.691406 0.732178 1.754883 1.022217 -1.527100 1.095703 0.006104 1.571533 -1.464844 1.016602 -1.363037 -0.145264 -0.973877 0.126953 -0.645020 -0.611572 0.732910 0.369141 -0.160645 -0.555420 1.027832 1.847168 
||
-1.690430 0.246826 1.304443 -0.024170 -0.179688 -0.275635 0.353027 -1.051270 0.079346 -0.279541 -1.386230 -0.211182 0.266113 1.024414 -1.089600 -0.180908 0.129883 0.359375 -0.326172 -1.029785 0.854248 1.260986 -0.044434 0.135742 -0.294434 1.491455 
||
-2.181152 0.398193 -0.467285 0.189453 -0.231934 -1.176270 0.006836 -0.319824 0.468018 0.847656 -1.850830 0.677979 0.528320 0.279785 -0.208008 -0.653809 0.467285 0.275635 0.077393 0.054199 -0.227295 0.666748 -0.085693 0.543213 -1.531982 1.727295 
||
-2.099609 -0.796143 -0.992432 0.839111 0.733887 -1.338135 -0.079590 -0.311768 0.427246 0.813721 -1.585205 0.638184 0.140625 0.096436 0.233643 -0.832031 0.375488 0.386475 -0.507568 -0.252686 -0.725342 -0.760498 1.249023 0.637207 0.030029 1.202148 
||
-1.416260 -1.253662 -0.186035 -0.374023 0.026367 -0.523438 -0.535889 -0.666748 -0.365967 -1.421631 0.391602 -0.105225 -0.218506 0.944092 -0.682861 -0.433594 0.049072 -0.460205 0.787354 -1.435303 0.259033 -1.654785 0.701172 0.273926 0.193115 1.363525 
||
-0.958740 -0.835938 -0.074707 -1.897461 -1.318359 -0.567139 0.895752 -0.457764 0.600342 -1.487793 0.928955 0.160400 -0.487305 -0.470947 0.521729 0.078613 -0.587646 0.128174 -0.058594 -0.396484 -0.086426 -1.338379 -1.420654 0.284180 0.152588 2.189697 
||
-1.838867 -0.340088 0.074463 -1.422607 -0.529541 0.870605 -0.601807 1.116943 -0.407227 -0.454346 -0.294678 0.830811 0.060303 -0.393555 -0.438477 0.988770 -2.190186 -0.967285 0.594482 0.650879 -0.503662 0.491211 -2.383789 0.147949 0.264160 1.710938 
||
-1.708984 0.019043 0.230225 -0.598145 -0.425537 0.617920 1.782715 1.579102 -1.463379 0.183350 0.418213 1.211182 -1.509521 0.916992 -0.782959 -0.598633 -1.037842 0.027588 -0.608643 -0.605957 0.185059 0.320312 0.177002 -0.577148 1.149658 1.727539 
||
-1.602051 -0.044678 1.269043 0.254639 -0.040283 0.045410 0.657227 -1.149902 -0.094971 0.523193 -2.565918 0.208496 0.288086 0.442627 -1.284180 -0.698486 0.190674 0.930420 -0.370850 -1.234619 0.479492 1.408936 0.154297 0.336182 0.199219 1.437256 
||
-2.447754 0.134521 -0.095703 0.157227 0.443848 -1.188721 0.113525 -0.513184 0.737793 0.686035 -2.075439 0.194824 0.702881 0.928955 0.041992 -1.059570 0.645508 0.081055 0.278076 -0.314209 -0.292480 0.343506 -0.165283 0.829102 -1.378418 1.581299 
||
-2.404297 -0.462158 -1.714111 0.823242 0.687744 -1.409668 -0.010254 -0.379150 0.864014 0.766357 -1.538574 0.563477 0.450195 -0.066650 0.224609 -0.489014 0.817871 0.469238 -0.162354 -0.684570 -0.885986 -0.632568 0.943359 0.426514 -0.354004 1.219971 
||
-0.865967 -1.426025 -0.677490 -0.271973 0.308350 -0.603760 -0.376953 -0.387207 -0.119629 -2.202637 0.604248 -0.205811 0.082764 0.246826 -0.714111 -0.032471 -0.650879 -0.173096 0.265869 -0.809814 0.778809 -1.244629 0.303467 0.055664 -0.397217 1.279053 
||
0.462158 -1.470215 -0.972900 -0.683838 -0.138428 -0.056885 0.556885 -0.416748 0.348389 -0.316895 0.559814 0.351074 -1.208984 -0.346436 -0.392090 0.319580 -0.119141 -0.302734 0.783691 -0.625000 -0.666504 -0.308105 -0.443848 0.108398 -0.174805 0.731445 
||

[**]
-0.197266 -0.818115 -1.090820 -0.653320 -1.100586 -1.810303 -0.712402 -0.615479 -0.049805 -1.506592 -1.767822 -0.539062 -0.719727 -1.415039 -0.552734 -0.082764 -1.087402 -0.545898 -0.927490 -1.764404 -0.935303 -0.659424 -1.226562 -1.114746 -1.267334 -0.539307 
||
0.203369 -1.093018 -0.884521 -0.580078 -1.056396 -0.332275 -1.479736 -0.918945 -1.849365 0.802734 0.686768 -2.489990 -2.487793 -0.766846 -0.370361 -1.218994 -0.245850 -0.271484 -0.558350 -0.548340 -1.307617 -1.246094 0.542480 -0.488037 -0.533936 0.344971 
||
-1.473877 -0.316895 0.073975 -1.881836 -1.938721 -1.149414 -0.794678 -0.171875 -0.552734 -1.011719 -0.390625 0.763916 1.485352 0.675049 -0.163818 -0.286377 -1.179443 -1.147461 -1.404785 -0.997803 0.904541 -0.468750 -2.300781 -0.866699 -0.875977 0.992188 
||
0.504639 0.724609 0.614014 -0.461670 0.391357 0.559570 0.852295 -0.215576 1.280273 -0.805176 0.030273 -0.097900 -0.648926 -0.888184 -1.053223 0.028320 0.476562 -1.340576 -0.084961 0.175537 0.462158 1.027100 -0.397705 -0.193604 0.577393 0.479980 
||
-1.119141 0.583740 0.315430 0.637451 -0.956787 0.539795 0.606689 -1.707031 -1.180420 -0.459473 0.007080 0.646729 0.959229 0.156006 -1.452148 -1.519531 0.482422 0.451172 -0.037842 0.305176 1.063477 -0.186279 1.670166 0.123535 0.782715 -1.130371 
||
-0.744629 0.229248 -0.284912 -0.908936 0.897949 0.908203 1.456787 1.477539 1.842773 1.367188 -1.408447 -0.283447 1.727295 2.081055 2.579834 2.530273 1.051270 -1.085449 -1.470703 -1.516846 -1.298584 -1.228271 -1.684082 -0.333496 0.062012 0.229736 
||
0.071777 -0.083252 -0.310059 0.180176 -0.292969 -0.437256 -0.661865 -0.419434 0.989990 -0.251953 0.434326 0.466797 -0.013672 -1.110352 -0.204102 0.650879 -0.045654 0.563232 0.781006 -0.080078 -0.189941 0.598877 0.413086 -1.006592 -0.794434 -0.635498 
||
0.347656 -1.321533 -1.089600 -0.417969 0.194824 0.658691 -0.656250 -0.154297 -1.333496 0.944824 0.913330 -1.929199 -2.822266 -1.689941 -1.696045 -1.720459 -0.525635 -0.271973 0.098877 -0.426758 -1.087646 -1.283203 0.629150 0.577148 0.256348 0.124268 
||
-0.701660 -0.002686 0.568115 -0.769043 -2.013428 0.158203 -0.451172 0.444336 -0.921875 -0.557373 -0.105713 0.761963 1.651855 0.612061 0.237549 -0.235107 -0.401611 -0.365479 -0.707520 -0.554932 0.623291 -1.199951 -2.713623 -1.048828 -1.572021 0.697021 
||
-0.491699 0.114502 0.728271 -1.074219 0.354004 0.344727 0.680176 0.611328 1.123779 -0.325684 0.179932 0.010010 -0.635498 -0.614502 -1.071777 -0.153809 0.201416 0.042725 0.263428 -0.545166 0.445801 -0.111816 -0.470947 0.354492 1.054932 0.308350 
||
-0.283691 0.806152 0.589600 0.533447 -1.003662 0.504639 0.939453 -1.835693 -0.342773 -0.853271 -0.677490 0.405273 0.693359 -0.099609 -1.275635 -1.501465 0.819580 -0.243896 -0.502441 1.510498 0.940674 0.858398 0.326660 0.080322 0.207275 -1.129150 
||
-1.093018 0.159912 -0.463135 -0.014404 0.694092 1.560303 2.181641 1.124268 1.446289 1.379639 -0.284912 -0.397217 1.207764 0.602051 1.786621 3.062256 1.236572 -1.306396 -0.905518 0.189697 0.030273 0.103027 -0.135254 0.762695 1.115723 0.211670 
||
-0.330078 -0.948486 0.600830 -0.357910 0.460449 -1.045654 -0.589600 0.197510 1.268066 -0.499512 0.017578 1.802002 1.052002 0.502686 1.153809 -0.391357 -0.075195 -0.152344 0.078125 -0.737305 -0.049072 -0.648682 1.221191 -0.645996 -1.326904 -0.272217 
||
1.259521 -0.772461 -1.023438 -0.296875 -0.214600 -0.128418 -0.281006 0.374756 -0.387451 0.363770 -0.751465 -1.463379 -1.262451 -0.959717 -1.559570 -0.640625 0.110107 0.574463 0.423584 -0.147217 -0.799561 -0.295410 0.444580 -0.451172 -0.066895 0.077881 
||
0.182129 -0.291504 -0.139404 0.157471 -0.570801 0.975342 -0.567139 -0.199707 -0.617920 0.698975 0.360352 -1.335938 -1.142822 -0.702637 0.198242 0.184326 0.493408 -0.375244 -0.067383 -0.203125 -0.156982 -0.609619 -0.949463 0.632324 -0.298584 0.355469 
||
-0.932129 0.778564 0.380615 -2.097412 -1.216553 0.221680 -0.257568 -0.127197 -0.173340 -0.571777 0.442383 1.377197 1.506104 0.832275 -0.221680 -0.429199 -0.804443 -1.017822 -1.245117 -0.411621 0.624756 -0.569580 -1.853027 -0.692139 -0.516846 1.676025 
||
-0.289551 -0.014404 0.170410 0.210938 -0.067383 0.068604 0.284180 0.492432 0.823486 0.107422 0.146973 -0.419678 -1.316406 -1.044678 -0.564941 0.163330 0.854980 -0.345215 0.351807 -0.555908 -0.343506 -0.123535 -0.472168 -0.312012 -0.132812 0.076904 
||
-0.514404 1.489746 0.589355 0.250977 -0.585449 0.651611 1.232422 -1.400146 -0.846436 -1.072754 0.492920 1.212402 0.765869 -0.749512 -1.899170 -1.672607 0.516113 -0.389893 -0.096924 1.037354 1.330811 -0.203369 -1.038818 -0.500732 0.709961 -1.590576 
||
-0.510742 0.645264 0.240479 -0.060547 0.524658 1.368408 1.063721 0.483398 1.570068 0.777344 -1.316162 -0.107910 0.981689 0.449463 0.800537 2.307129 -0.062988 -1.222412 -1.265381 0.900146 0.217773 1.071777 0.400146 0.527100 1.487793 0.229248 
||
-0.117676 -0.916016 0.663818 -0.482178 0.790283 -0.571045 -0.423340 0.412842 0.968750 -0.712646 -0.235352 1.799072 0.878174 0.529053 0.961426 -0.483154 -0.023193 -0.280762 0.059082 -0.568848 0.357422 -0.637207 1.647949 -0.051025 -0.945312 -0.333496 
||
0.965576 -0.552490 -1.379395 0.018066 0.262451 -0.073242 0.022949 0.555664 -0.208496 -0.024414 -0.496094 -1.343750 -1.493652 -1.139404 -1.473145 -0.069580 0.259521 1.200195 1.090332 0.104004 -0.936035 -0.429199 0.194336 -0.757080 0.226562 0.530762 
||
0.052979 -0.480957 -0.449463 -0.270508 -0.676758 0.831787 -0.449463 -0.651855 -0.979980 1.695312 1.604248 -1.683838 -1.467285 -0.533936 0.520020 -0.539062 0.660645 -0.363525 -0.000732 -0.503906 -0.324463 -1.187500 -0.542480 0.861572 -0.123047 0.073975 
||
-0.891846 1.057129 0.319336 -1.758789 -1.340576 -0.145020 -0.752686 -0.020508 -0.461426 -1.212402 0.018066 1.245117 1.528076 0.332275 0.142334 -0.410889 -1.246338 -1.319580 -1.092529 -0.377197 0.584473 -0.342285 -1.863281 -1.110596 -1.544189 1.655518 
||
-0.616455 -0.240723 0.953613 0.040771 0.285156 -0.145752 0.967041 0.511963 0.924072 0.160400 0.776855 0.139404 -0.709717 -0.319824 -0.272949 0.876709 0.848145 0.177246 -0.297852 -0.539795 0.344238 -0.493164 -0.535156 -0.455566 0.148926 0.505859 
||
0.404541 0.948486 0.245605 -0.436768 -1.283936 0.074219 0.110596 -0.820068 0.046143 -0.525146 0.440918 1.226562 1.128174 0.497803 -1.276855 -0.586670 1.153076 -0.269043 0.874023 1.226318 0.821533 -0.173584 -0.164062 -0.748779 0.198730 -1.336670 
||
-0.496826 1.331543 0.959229 1.190430 1.944824 1.901611 1.373291 0.443115 1.663818 1.615967 -0.355225 0.593994 1.223633 -0.029785 1.179932 1.336670 0.976807 1.061768 0.136475 0.977783 1.445068 1.177002 1.229004 2.228516 1.365479 -0.994629 
||

[**]


